time	clk	uut_out_1	uut_out_15	uut_out2
  0us	1	1	1	1
 10us	0	1	1	1
 20us	1	1	1	1
 30us	0	1	1	1
 40us	1	1	1	1
 50us	0	1	1	1
 60us	1	1	1	1
 70us	0	1	1	1
 80us	1	1	1	1
 90us	0	1	1	1
100us	1	1	1	1
110us	0	1	1	1
120us	1	1	1	1
130us	0	1	1	1
140us	1	1	1	1
150us	0	1	1	1
160us	1	1	1	1
170us	0	1	1	1
180us	1	1	1	1
190us	0	1	1	1
200us	1	1	1	1
210us	0	1	1	1
220us	1	1	1	1
230us	0	1	1	1
240us	1	1	1	1
250us	0	1	1	1
260us	1	1	1	1
270us	0	1	1	1
280us	1	1	1	1
290us	0	1	1	1
300us	1	1	1	1
310us	0	1	1	1
320us	1	1	1	1
330us	0	1	1	1
340us	1	1	1	1
350us	0	1	1	1
360us	1	1	1	1
370us	0	1	1	1
380us	1	1	1	1
390us	0	1	1	1
400us	1	1	1	1
410us	0	1	1	1
420us	1	1	1	1
430us	0	1	1	1
440us	1	1	1	1
450us	0	1	1	1
460us	1	1	1	1
470us	0	1	1	1
480us	1	1	1	1
490us	0	1	1	1
500us	1	1	1	1
510us	0	1	1	1
520us	1	1	1	1
530us	0	1	1	1
540us	1	1	1	1
550us	0	1	1	1
560us	1	1	1	1
570us	0	1	1	1
580us	1	1	1	1
590us	0	1	1	1
600us	1	1	1	1
610us	0	1	1	1
620us	1	1	1	1
630us	0	1	1	1
640us	1	1	1	1
650us	0	1	1	1
660us	1	1	1	1
670us	0	1	1	1
680us	1	1	1	1
690us	0	1	1	1
700us	1	1	1	1
710us	0	1	1	1
720us	1	1	1	1
730us	0	1	1	1
740us	1	1	1	1
750us	0	1	1	1
760us	1	1	1	1
770us	0	1	1	1
780us	1	1	1	1
790us	0	1	1	1
800us	1	1	1	1
810us	0	1	1	1
820us	1	1	1	1
830us	0	1	1	1
840us	1	1	1	1
850us	0	1	1	1
860us	1	1	1	1
870us	0	1	1	1
880us	1	1	1	1
890us	0	1	1	1
900us	1	1	1	1
910us	0	1	1	1
920us	1	1	1	1
930us	0	1	1	1
940us	1	1	1	1
950us	0	1	1	1
960us	1	1	1	1
970us	0	1	1	1
980us	1	1	1	1
990us	0	1	1	1
1000us	1	0	1	1
1010us	0	0	1	1
1020us	1	0	1	1
1030us	0	0	1	1
1040us	1	0	1	1
1050us	0	0	1	1
1060us	1	0	1	1
1070us	0	0	1	1
1080us	1	0	1	1
1090us	0	0	1	1
1100us	1	0	1	1
1110us	0	0	1	1
1120us	1	0	1	1
1130us	0	0	1	1
1140us	1	0	1	1
1150us	0	0	1	1
1160us	1	0	1	1
1170us	0	0	1	1
1180us	1	0	1	1
1190us	0	0	1	1
1200us	1	0	1	1
1210us	0	0	1	1
1220us	1	0	1	1
1230us	0	0	1	1
1240us	1	0	1	1
1250us	0	0	1	1
1260us	1	0	1	1
1270us	0	0	1	1
1280us	1	0	1	1
1290us	0	0	1	1
1300us	1	0	1	1
1310us	0	0	1	1
1320us	1	0	1	1
1330us	0	0	1	1
1340us	1	0	1	1
1350us	0	0	1	1
1360us	1	0	1	1
1370us	0	0	1	1
1380us	1	0	1	1
1390us	0	0	1	1
1400us	1	0	1	1
1410us	0	0	1	1
1420us	1	0	1	1
1430us	0	0	1	1
1440us	1	0	1	1
1450us	0	0	1	1
1460us	1	0	1	1
1470us	0	0	1	1
1480us	1	0	1	1
1490us	0	0	1	1
1500us	1	0	1	1
1510us	0	0	1	1
1520us	1	0	0	1
1530us	0	0	0	1
1540us	1	0	0	1
1550us	0	0	0	1
1560us	1	0	0	1
1570us	0	0	0	1
1580us	1	0	0	1
1590us	0	0	0	1
1600us	1	0	0	1
1610us	0	0	0	1
1620us	1	0	0	1
1630us	0	0	0	1
1640us	1	0	0	1
1650us	0	0	0	1
1660us	1	0	0	1
1670us	0	0	0	1
1680us	1	0	0	1
1690us	0	0	0	1
1700us	1	0	0	1
1710us	0	0	0	1
1720us	1	0	0	1
1730us	0	0	0	1
1740us	1	0	0	1
1750us	0	0	0	1
1760us	1	0	0	1
1770us	0	0	0	1
1780us	1	0	0	1
1790us	0	0	0	1
1800us	1	0	0	1
1810us	0	0	0	1
1820us	1	0	0	1
1830us	0	0	0	1
1840us	1	0	0	1
1850us	0	0	0	1
1860us	1	0	0	1
1870us	0	0	0	1
1880us	1	0	0	1
1890us	0	0	0	1
1900us	1	0	0	1
1910us	0	0	0	1
1920us	1	0	0	1
1930us	0	0	0	1
1940us	1	0	0	1
1950us	0	0	0	1
1960us	1	0	0	1
1970us	0	0	0	1
1980us	1	0	0	1
1990us	0	0	0	1
2000us	1	0	0	0
2010us	0	0	0	0
2020us	1	0	0	0
2030us	0	0	0	0
2040us	1	0	0	0
2050us	0	0	0	0
2060us	1	0	0	0
2070us	0	0	0	0
2080us	1	0	0	0
2090us	0	0	0	0
2100us	1	0	0	0
2110us	0	0	0	0
2120us	1	0	0	0
2130us	0	0	0	0
2140us	1	0	0	0
2150us	0	0	0	0
2160us	1	0	0	0
2170us	0	0	0	0
2180us	1	0	0	0
2190us	0	0	0	0
2200us	1	0	0	0
2210us	0	0	0	0
2220us	1	0	0	0
2230us	0	0	0	0
2240us	1	0	0	0
2250us	0	0	0	0
2260us	1	0	0	0
2270us	0	0	0	0
2280us	1	0	0	0
2290us	0	0	0	0
2300us	1	0	0	0
2310us	0	0	0	0
2320us	1	0	0	0
2330us	0	0	0	0
2340us	1	0	0	0
2350us	0	0	0	0
2360us	1	0	0	0
2370us	0	0	0	0
2380us	1	0	0	0
2390us	0	0	0	0
2400us	1	0	0	0
2410us	0	0	0	0
2420us	1	0	0	0
2430us	0	0	0	0
2440us	1	0	0	0
2450us	0	0	0	0
2460us	1	0	0	0
2470us	0	0	0	0
2480us	1	0	0	0
2490us	0	0	0	0
2500us	1	0	0	0
2510us	0	0	0	0
2520us	1	0	0	0
2530us	0	0	0	0
2540us	1	0	0	0
2550us	0	0	0	0
2560us	1	0	0	0
2570us	0	0	0	0
2580us	1	0	0	0
2590us	0	0	0	0
2600us	1	0	0	0
2610us	0	0	0	0
2620us	1	0	0	0
2630us	0	0	0	0
2640us	1	0	0	0
2650us	0	0	0	0
2660us	1	0	0	0
2670us	0	0	0	0
2680us	1	0	0	0
2690us	0	0	0	0
2700us	1	0	0	0
2710us	0	0	0	0
2720us	1	0	0	0
2730us	0	0	0	0
2740us	1	0	0	0
2750us	0	0	0	0
2760us	1	0	0	0
2770us	0	0	0	0
2780us	1	0	0	0
2790us	0	0	0	0
2800us	1	0	0	0
2810us	0	0	0	0
2820us	1	0	0	0
2830us	0	0	0	0
2840us	1	0	0	0
2850us	0	0	0	0
2860us	1	0	0	0
2870us	0	0	0	0
2880us	1	0	0	0
2890us	0	0	0	0
2900us	1	0	0	0
2910us	0	0	0	0
2920us	1	0	0	0
2930us	0	0	0	0
2940us	1	0	0	0
2950us	0	0	0	0
2960us	1	0	0	0
2970us	0	0	0	0
2980us	1	0	0	0
2990us	0	0	0	0
3000us	1	0	0	0
3010us	0	0	0	0
3020us	1	0	0	0
3030us	0	0	0	0
3040us	1	0	0	0
3050us	0	0	0	0
3060us	1	0	0	0
3070us	0	0	0	0
3080us	1	0	0	0
3090us	0	0	0	0
3100us	1	0	0	0
3110us	0	0	0	0
3120us	1	0	0	0
3130us	0	0	0	0
3140us	1	0	0	0
3150us	0	0	0	0
3160us	1	0	0	0
3170us	0	0	0	0
3180us	1	0	0	0
3190us	0	0	0	0
3200us	1	0	0	0
3210us	0	0	0	0
3220us	1	0	0	0
3230us	0	0	0	0
3240us	1	0	0	0
3250us	0	0	0	0
3260us	1	0	0	0
3270us	0	0	0	0
3280us	1	0	0	0
3290us	0	0	0	0
3300us	1	0	0	0
3310us	0	0	0	0
3320us	1	0	0	0
3330us	0	0	0	0
3340us	1	0	0	0
3350us	0	0	0	0
3360us	1	0	0	0
3370us	0	0	0	0
3380us	1	0	0	0
3390us	0	0	0	0
3400us	1	0	0	0
3410us	0	0	0	0
3420us	1	0	0	0
3430us	0	0	0	0
3440us	1	0	0	0
3450us	0	0	0	0
3460us	1	0	0	0
3470us	0	0	0	0
3480us	1	0	0	0
3490us	0	0	0	0
3500us	1	0	0	0
3510us	0	0	0	0
3520us	1	0	0	0
3530us	0	0	0	0
3540us	1	0	0	0
3550us	0	0	0	0
3560us	1	0	0	0
3570us	0	0	0	0
3580us	1	0	0	0
3590us	0	0	0	0
3600us	1	0	0	0
3610us	0	0	0	0
3620us	1	0	0	0
3630us	0	0	0	0
3640us	1	0	0	0
3650us	0	0	0	0
3660us	1	0	0	0
3670us	0	0	0	0
3680us	1	0	0	0
3690us	0	0	0	0
3700us	1	0	0	0
3710us	0	0	0	0
3720us	1	0	0	0
3730us	0	0	0	0
3740us	1	0	0	0
3750us	0	0	0	0
3760us	1	0	0	0
3770us	0	0	0	0
3780us	1	0	0	0
3790us	0	0	0	0
3800us	1	0	0	0
3810us	0	0	0	0
3820us	1	0	0	0
3830us	0	0	0	0
3840us	1	0	0	0
3850us	0	0	0	0
3860us	1	0	0	0
3870us	0	0	0	0
3880us	1	0	0	0
3890us	0	0	0	0
3900us	1	0	0	0
3910us	0	0	0	0
3920us	1	0	0	0
3930us	0	0	0	0
3940us	1	0	0	0
3950us	0	0	0	0
3960us	1	0	0	0
3970us	0	0	0	0
3980us	1	0	0	0
3990us	0	0	0	0
4000us	1	0	0	0
4010us	0	0	0	0
4020us	1	0	0	0
4030us	0	0	0	0
4040us	1	0	0	0
4050us	0	0	0	0
4060us	1	0	0	0
4070us	0	0	0	0
4080us	1	0	0	0
4090us	0	0	0	0
4100us	1	0	0	0
4110us	0	0	0	0
4120us	1	0	0	0
4130us	0	0	0	0
4140us	1	0	0	0
4150us	0	0	0	0
4160us	1	0	0	0
4170us	0	0	0	0
4180us	1	0	0	0
4190us	0	0	0	0
4200us	1	0	0	0
4210us	0	0	0	0
4220us	1	0	0	0
4230us	0	0	0	0
4240us	1	0	0	0
4250us	0	0	0	0
4260us	1	0	0	0
4270us	0	0	0	0
4280us	1	0	0	0
4290us	0	0	0	0
4300us	1	0	0	0
4310us	0	0	0	0
4320us	1	0	0	0
4330us	0	0	0	0
4340us	1	0	0	0
4350us	0	0	0	0
4360us	1	0	0	0
4370us	0	0	0	0
4380us	1	0	0	0
4390us	0	0	0	0
4400us	1	0	0	0
4410us	0	0	0	0
4420us	1	0	0	0
4430us	0	0	0	0
4440us	1	0	0	0
4450us	0	0	0	0
4460us	1	0	0	0
4470us	0	0	0	0
4480us	1	0	0	0
4490us	0	0	0	0
4500us	1	0	0	0
4510us	0	0	0	0
4520us	1	0	0	0
4530us	0	0	0	0
4540us	1	0	0	0
4550us	0	0	0	0
4560us	1	0	0	0
4570us	0	0	0	0
4580us	1	0	0	0
4590us	0	0	0	0
4600us	1	0	0	0
4610us	0	0	0	0
4620us	1	0	0	0
4630us	0	0	0	0
4640us	1	0	0	0
4650us	0	0	0	0
4660us	1	0	0	0
4670us	0	0	0	0
4680us	1	0	0	0
4690us	0	0	0	0
4700us	1	0	0	0
4710us	0	0	0	0
4720us	1	0	0	0
4730us	0	0	0	0
4740us	1	0	0	0
4750us	0	0	0	0
4760us	1	0	0	0
4770us	0	0	0	0
4780us	1	0	0	0
4790us	0	0	0	0
4800us	1	0	0	0
4810us	0	0	0	0
4820us	1	0	0	0
4830us	0	0	0	0
4840us	1	0	0	0
4850us	0	0	0	0
4860us	1	0	0	0
4870us	0	0	0	0
4880us	1	0	0	0
4890us	0	0	0	0
4900us	1	0	0	0
4910us	0	0	0	0
4920us	1	0	0	0
4930us	0	0	0	0
4940us	1	0	0	0
4950us	0	0	0	0
4960us	1	0	0	0
4970us	0	0	0	0
4980us	1	0	0	0
4990us	0	0	0	0
5000us	1	0	0	0
5010us	0	0	0	0
5020us	1	0	0	0
5030us	0	0	0	0
5040us	1	0	0	0
5050us	0	0	0	0
5060us	1	0	0	0
5070us	0	0	0	0
5080us	1	0	0	0
5090us	0	0	0	0
5100us	1	0	0	0
5110us	0	0	0	0
5120us	1	0	0	0
5130us	0	0	0	0
5140us	1	0	0	0
5150us	0	0	0	0
5160us	1	0	0	0
5170us	0	0	0	0
5180us	1	0	0	0
5190us	0	0	0	0
5200us	1	0	0	0
5210us	0	0	0	0
5220us	1	0	0	0
5230us	0	0	0	0
5240us	1	0	0	0
5250us	0	0	0	0
5260us	1	0	0	0
5270us	0	0	0	0
5280us	1	0	0	0
5290us	0	0	0	0
5300us	1	0	0	0
5310us	0	0	0	0
5320us	1	0	0	0
5330us	0	0	0	0
5340us	1	0	0	0
5350us	0	0	0	0
5360us	1	0	0	0
5370us	0	0	0	0
5380us	1	0	0	0
5390us	0	0	0	0
5400us	1	0	0	0
5410us	0	0	0	0
5420us	1	0	0	0
5430us	0	0	0	0
5440us	1	0	0	0
5450us	0	0	0	0
5460us	1	0	0	0
5470us	0	0	0	0
5480us	1	0	0	0
5490us	0	0	0	0
5500us	1	0	0	0
5510us	0	0	0	0
5520us	1	0	0	0
5530us	0	0	0	0
5540us	1	0	0	0
5550us	0	0	0	0
5560us	1	0	0	0
5570us	0	0	0	0
5580us	1	0	0	0
5590us	0	0	0	0
5600us	1	0	0	0
5610us	0	0	0	0
5620us	1	0	0	0
5630us	0	0	0	0
5640us	1	0	0	0
5650us	0	0	0	0
5660us	1	0	0	0
5670us	0	0	0	0
5680us	1	0	0	0
5690us	0	0	0	0
5700us	1	0	0	0
5710us	0	0	0	0
5720us	1	0	0	0
5730us	0	0	0	0
5740us	1	0	0	0
5750us	0	0	0	0
5760us	1	0	0	0
5770us	0	0	0	0
5780us	1	0	0	0
5790us	0	0	0	0
5800us	1	0	0	0
5810us	0	0	0	0
5820us	1	0	0	0
5830us	0	0	0	0
5840us	1	0	0	0
5850us	0	0	0	0
5860us	1	0	0	0
5870us	0	0	0	0
5880us	1	0	0	0
5890us	0	0	0	0
5900us	1	0	0	0
5910us	0	0	0	0
5920us	1	0	0	0
5930us	0	0	0	0
5940us	1	0	0	0
5950us	0	0	0	0
5960us	1	0	0	0
5970us	0	0	0	0
5980us	1	0	0	0
5990us	0	0	0	0
6000us	1	0	0	0
6010us	0	0	0	0
6020us	1	0	0	0
6030us	0	0	0	0
6040us	1	0	0	0
6050us	0	0	0	0
6060us	1	0	0	0
6070us	0	0	0	0
6080us	1	0	0	0
6090us	0	0	0	0
6100us	1	0	0	0
6110us	0	0	0	0
6120us	1	0	0	0
6130us	0	0	0	0
6140us	1	0	0	0
6150us	0	0	0	0
6160us	1	0	0	0
6170us	0	0	0	0
6180us	1	0	0	0
6190us	0	0	0	0
6200us	1	0	0	0
6210us	0	0	0	0
6220us	1	0	0	0
6230us	0	0	0	0
6240us	1	0	0	0
6250us	0	0	0	0
6260us	1	0	0	0
6270us	0	0	0	0
6280us	1	0	0	0
6290us	0	0	0	0
6300us	1	0	0	0
6310us	0	0	0	0
6320us	1	0	0	0
6330us	0	0	0	0
6340us	1	0	0	0
6350us	0	0	0	0
6360us	1	0	0	0
6370us	0	0	0	0
6380us	1	0	0	0
6390us	0	0	0	0
6400us	1	0	0	0
6410us	0	0	0	0
6420us	1	0	0	0
6430us	0	0	0	0
6440us	1	0	0	0
6450us	0	0	0	0
6460us	1	0	0	0
6470us	0	0	0	0
6480us	1	0	0	0
6490us	0	0	0	0
6500us	1	0	0	0
6510us	0	0	0	0
6520us	1	0	0	0
6530us	0	0	0	0
6540us	1	0	0	0
6550us	0	0	0	0
6560us	1	0	0	0
6570us	0	0	0	0
6580us	1	0	0	0
6590us	0	0	0	0
6600us	1	0	0	0
6610us	0	0	0	0
6620us	1	0	0	0
6630us	0	0	0	0
6640us	1	0	0	0
6650us	0	0	0	0
6660us	1	0	0	0
6670us	0	0	0	0
6680us	1	0	0	0
6690us	0	0	0	0
6700us	1	0	0	0
6710us	0	0	0	0
6720us	1	0	0	0
6730us	0	0	0	0
6740us	1	0	0	0
6750us	0	0	0	0
6760us	1	0	0	0
6770us	0	0	0	0
6780us	1	0	0	0
6790us	0	0	0	0
6800us	1	0	0	0
6810us	0	0	0	0
6820us	1	0	0	0
6830us	0	0	0	0
6840us	1	0	0	0
6850us	0	0	0	0
6860us	1	0	0	0
6870us	0	0	0	0
6880us	1	0	0	0
6890us	0	0	0	0
6900us	1	0	0	0
6910us	0	0	0	0
6920us	1	0	0	0
6930us	0	0	0	0
6940us	1	0	0	0
6950us	0	0	0	0
6960us	1	0	0	0
6970us	0	0	0	0
6980us	1	0	0	0
6990us	0	0	0	0
7000us	1	0	0	0
7010us	0	0	0	0
7020us	1	0	0	0
7030us	0	0	0	0
7040us	1	0	0	0
7050us	0	0	0	0
7060us	1	0	0	0
7070us	0	0	0	0
7080us	1	0	0	0
7090us	0	0	0	0
7100us	1	0	0	0
7110us	0	0	0	0
7120us	1	0	0	0
7130us	0	0	0	0
7140us	1	0	0	0
7150us	0	0	0	0
7160us	1	0	0	0
7170us	0	0	0	0
7180us	1	0	0	0
7190us	0	0	0	0
7200us	1	0	0	0
7210us	0	0	0	0
7220us	1	0	0	0
7230us	0	0	0	0
7240us	1	0	0	0
7250us	0	0	0	0
7260us	1	0	0	0
7270us	0	0	0	0
7280us	1	0	0	0
7290us	0	0	0	0
7300us	1	0	0	0
7310us	0	0	0	0
7320us	1	0	0	0
7330us	0	0	0	0
7340us	1	0	0	0
7350us	0	0	0	0
7360us	1	0	0	0
7370us	0	0	0	0
7380us	1	0	0	0
7390us	0	0	0	0
7400us	1	0	0	0
7410us	0	0	0	0
7420us	1	0	0	0
7430us	0	0	0	0
7440us	1	0	0	0
7450us	0	0	0	0
7460us	1	0	0	0
7470us	0	0	0	0
7480us	1	0	0	0
7490us	0	0	0	0
7500us	1	0	0	0
7510us	0	0	0	0
7520us	1	0	0	0
7530us	0	0	0	0
7540us	1	0	0	0
7550us	0	0	0	0
7560us	1	0	0	0
7570us	0	0	0	0
7580us	1	0	0	0
7590us	0	0	0	0
7600us	1	0	0	0
7610us	0	0	0	0
7620us	1	0	0	0
7630us	0	0	0	0
7640us	1	0	0	0
7650us	0	0	0	0
7660us	1	0	0	0
7670us	0	0	0	0
7680us	1	0	0	0
7690us	0	0	0	0
7700us	1	0	0	0
7710us	0	0	0	0
7720us	1	0	0	0
7730us	0	0	0	0
7740us	1	0	0	0
7750us	0	0	0	0
7760us	1	0	0	0
7770us	0	0	0	0
7780us	1	0	0	0
7790us	0	0	0	0
7800us	1	0	0	0
7810us	0	0	0	0
7820us	1	0	0	0
7830us	0	0	0	0
7840us	1	0	0	0
7850us	0	0	0	0
7860us	1	0	0	0
7870us	0	0	0	0
7880us	1	0	0	0
7890us	0	0	0	0
7900us	1	0	0	0
7910us	0	0	0	0
7920us	1	0	0	0
7930us	0	0	0	0
7940us	1	0	0	0
7950us	0	0	0	0
7960us	1	0	0	0
7970us	0	0	0	0
7980us	1	0	0	0
7990us	0	0	0	0
8000us	1	0	0	0
8010us	0	0	0	0
8020us	1	0	0	0
8030us	0	0	0	0
8040us	1	0	0	0
8050us	0	0	0	0
8060us	1	0	0	0
8070us	0	0	0	0
8080us	1	0	0	0
8090us	0	0	0	0
8100us	1	0	0	0
8110us	0	0	0	0
8120us	1	0	0	0
8130us	0	0	0	0
8140us	1	0	0	0
8150us	0	0	0	0
8160us	1	0	0	0
8170us	0	0	0	0
8180us	1	0	0	0
8190us	0	0	0	0
8200us	1	0	0	0
8210us	0	0	0	0
8220us	1	0	0	0
8230us	0	0	0	0
8240us	1	0	0	0
8250us	0	0	0	0
8260us	1	0	0	0
8270us	0	0	0	0
8280us	1	0	0	0
8290us	0	0	0	0
8300us	1	0	0	0
8310us	0	0	0	0
8320us	1	0	0	0
8330us	0	0	0	0
8340us	1	0	0	0
8350us	0	0	0	0
8360us	1	0	0	0
8370us	0	0	0	0
8380us	1	0	0	0
8390us	0	0	0	0
8400us	1	0	0	0
8410us	0	0	0	0
8420us	1	0	0	0
8430us	0	0	0	0
8440us	1	0	0	0
8450us	0	0	0	0
8460us	1	0	0	0
8470us	0	0	0	0
8480us	1	0	0	0
8490us	0	0	0	0
8500us	1	0	0	0
8510us	0	0	0	0
8520us	1	0	0	0
8530us	0	0	0	0
8540us	1	0	0	0
8550us	0	0	0	0
8560us	1	0	0	0
8570us	0	0	0	0
8580us	1	0	0	0
8590us	0	0	0	0
8600us	1	0	0	0
8610us	0	0	0	0
8620us	1	0	0	0
8630us	0	0	0	0
8640us	1	0	0	0
8650us	0	0	0	0
8660us	1	0	0	0
8670us	0	0	0	0
8680us	1	0	0	0
8690us	0	0	0	0
8700us	1	0	0	0
8710us	0	0	0	0
8720us	1	0	0	0
8730us	0	0	0	0
8740us	1	0	0	0
8750us	0	0	0	0
8760us	1	0	0	0
8770us	0	0	0	0
8780us	1	0	0	0
8790us	0	0	0	0
8800us	1	0	0	0
8810us	0	0	0	0
8820us	1	0	0	0
8830us	0	0	0	0
8840us	1	0	0	0
8850us	0	0	0	0
8860us	1	0	0	0
8870us	0	0	0	0
8880us	1	0	0	0
8890us	0	0	0	0
8900us	1	0	0	0
8910us	0	0	0	0
8920us	1	0	0	0
8930us	0	0	0	0
8940us	1	0	0	0
8950us	0	0	0	0
8960us	1	0	0	0
8970us	0	0	0	0
8980us	1	0	0	0
8990us	0	0	0	0
9000us	1	0	0	0
9010us	0	0	0	0
9020us	1	0	0	0
9030us	0	0	0	0
9040us	1	0	0	0
9050us	0	0	0	0
9060us	1	0	0	0
9070us	0	0	0	0
9080us	1	0	0	0
9090us	0	0	0	0
9100us	1	0	0	0
9110us	0	0	0	0
9120us	1	0	0	0
9130us	0	0	0	0
9140us	1	0	0	0
9150us	0	0	0	0
9160us	1	0	0	0
9170us	0	0	0	0
9180us	1	0	0	0
9190us	0	0	0	0
9200us	1	0	0	0
9210us	0	0	0	0
9220us	1	0	0	0
9230us	0	0	0	0
9240us	1	0	0	0
9250us	0	0	0	0
9260us	1	0	0	0
9270us	0	0	0	0
9280us	1	0	0	0
9290us	0	0	0	0
9300us	1	0	0	0
9310us	0	0	0	0
9320us	1	0	0	0
9330us	0	0	0	0
9340us	1	0	0	0
9350us	0	0	0	0
9360us	1	0	0	0
9370us	0	0	0	0
9380us	1	0	0	0
9390us	0	0	0	0
9400us	1	0	0	0
9410us	0	0	0	0
9420us	1	0	0	0
9430us	0	0	0	0
9440us	1	0	0	0
9450us	0	0	0	0
9460us	1	0	0	0
9470us	0	0	0	0
9480us	1	0	0	0
9490us	0	0	0	0
9500us	1	0	0	0
9510us	0	0	0	0
9520us	1	0	0	0
9530us	0	0	0	0
9540us	1	0	0	0
9550us	0	0	0	0
9560us	1	0	0	0
9570us	0	0	0	0
9580us	1	0	0	0
9590us	0	0	0	0
9600us	1	0	0	0
9610us	0	0	0	0
9620us	1	0	0	0
9630us	0	0	0	0
9640us	1	0	0	0
9650us	0	0	0	0
9660us	1	0	0	0
9670us	0	0	0	0
9680us	1	0	0	0
9690us	0	0	0	0
9700us	1	0	0	0
9710us	0	0	0	0
9720us	1	0	0	0
9730us	0	0	0	0
9740us	1	0	0	0
9750us	0	0	0	0
9760us	1	0	0	0
9770us	0	0	0	0
9780us	1	0	0	0
9790us	0	0	0	0
9800us	1	0	0	0
9810us	0	0	0	0
9820us	1	0	0	0
9830us	0	0	0	0
9840us	1	0	0	0
9850us	0	0	0	0
9860us	1	0	0	0
9870us	0	0	0	0
9880us	1	0	0	0
9890us	0	0	0	0
9900us	1	0	0	0
9910us	0	0	0	0
9920us	1	0	0	0
9930us	0	0	0	0
9940us	1	0	0	0
9950us	0	0	0	0
9960us	1	0	0	0
9970us	0	0	0	0
9980us	1	0	0	0
9990us	0	0	0	0
10000us	1	0	0	0
10010us	0	0	0	0
10020us	1	0	0	0
10030us	0	0	0	0
10040us	1	0	0	0
10050us	0	0	0	0
10060us	1	0	0	0
10070us	0	0	0	0
10080us	1	0	0	0
10090us	0	0	0	0
10100us	1	0	0	0
10110us	0	0	0	0
10120us	1	0	0	0
10130us	0	0	0	0
10140us	1	0	0	0
10150us	0	0	0	0
10160us	1	0	0	0
10170us	0	0	0	0
10180us	1	0	0	0
10190us	0	0	0	0
10200us	1	0	0	0
10210us	0	0	0	0
10220us	1	0	0	0
10230us	0	0	0	0
10240us	1	0	0	0
10250us	0	0	0	0
10260us	1	0	0	0
10270us	0	0	0	0
10280us	1	0	0	0
10290us	0	0	0	0
10300us	1	0	0	0
10310us	0	0	0	0
10320us	1	0	0	0
10330us	0	0	0	0
10340us	1	0	0	0
10350us	0	0	0	0
10360us	1	0	0	0
10370us	0	0	0	0
10380us	1	0	0	0
10390us	0	0	0	0
10400us	1	0	0	0
10410us	0	0	0	0
10420us	1	0	0	0
10430us	0	0	0	0
10440us	1	0	0	0
10450us	0	0	0	0
10460us	1	0	0	0
10470us	0	0	0	0
10480us	1	0	0	0
10490us	0	0	0	0
10500us	1	0	0	0
10510us	0	0	0	0
10520us	1	0	0	0
10530us	0	0	0	0
10540us	1	0	0	0
10550us	0	0	0	0
10560us	1	0	0	0
10570us	0	0	0	0
10580us	1	0	0	0
10590us	0	0	0	0
10600us	1	0	0	0
10610us	0	0	0	0
10620us	1	0	0	0
10630us	0	0	0	0
10640us	1	0	0	0
10650us	0	0	0	0
10660us	1	0	0	0
10670us	0	0	0	0
10680us	1	0	0	0
10690us	0	0	0	0
10700us	1	0	0	0
10710us	0	0	0	0
10720us	1	0	0	0
10730us	0	0	0	0
10740us	1	0	0	0
10750us	0	0	0	0
10760us	1	0	0	0
10770us	0	0	0	0
10780us	1	0	0	0
10790us	0	0	0	0
10800us	1	0	0	0
10810us	0	0	0	0
10820us	1	0	0	0
10830us	0	0	0	0
10840us	1	0	0	0
10850us	0	0	0	0
10860us	1	0	0	0
10870us	0	0	0	0
10880us	1	0	0	0
10890us	0	0	0	0
10900us	1	0	0	0
10910us	0	0	0	0
10920us	1	0	0	0
10930us	0	0	0	0
10940us	1	0	0	0
10950us	0	0	0	0
10960us	1	0	0	0
10970us	0	0	0	0
10980us	1	0	0	0
10990us	0	0	0	0
11000us	1	0	0	0
11010us	0	0	0	0
11020us	1	0	0	0
11030us	0	0	0	0
11040us	1	0	0	0
11050us	0	0	0	0
11060us	1	0	0	0
11070us	0	0	0	0
11080us	1	0	0	0
11090us	0	0	0	0
11100us	1	0	0	0
11110us	0	0	0	0
11120us	1	0	0	0
11130us	0	0	0	0
11140us	1	0	0	0
11150us	0	0	0	0
11160us	1	0	0	0
11170us	0	0	0	0
11180us	1	0	0	0
11190us	0	0	0	0
11200us	1	0	0	0
11210us	0	0	0	0
11220us	1	0	0	0
11230us	0	0	0	0
11240us	1	0	0	0
11250us	0	0	0	0
11260us	1	0	0	0
11270us	0	0	0	0
11280us	1	0	0	0
11290us	0	0	0	0
11300us	1	0	0	0
11310us	0	0	0	0
11320us	1	0	0	0
11330us	0	0	0	0
11340us	1	0	0	0
11350us	0	0	0	0
11360us	1	0	0	0
11370us	0	0	0	0
11380us	1	0	0	0
11390us	0	0	0	0
11400us	1	0	0	0
11410us	0	0	0	0
11420us	1	0	0	0
11430us	0	0	0	0
11440us	1	0	0	0
11450us	0	0	0	0
11460us	1	0	0	0
11470us	0	0	0	0
11480us	1	0	0	0
11490us	0	0	0	0
11500us	1	0	0	0
11510us	0	0	0	0
11520us	1	0	0	0
11530us	0	0	0	0
11540us	1	0	0	0
11550us	0	0	0	0
11560us	1	0	0	0
11570us	0	0	0	0
11580us	1	0	0	0
11590us	0	0	0	0
11600us	1	0	0	0
11610us	0	0	0	0
11620us	1	0	0	0
11630us	0	0	0	0
11640us	1	0	0	0
11650us	0	0	0	0
11660us	1	0	0	0
11670us	0	0	0	0
11680us	1	0	0	0
11690us	0	0	0	0
11700us	1	0	0	0
11710us	0	0	0	0
11720us	1	0	0	0
11730us	0	0	0	0
11740us	1	0	0	0
11750us	0	0	0	0
11760us	1	0	0	0
11770us	0	0	0	0
11780us	1	0	0	0
11790us	0	0	0	0
11800us	1	0	0	0
11810us	0	0	0	0
11820us	1	0	0	0
11830us	0	0	0	0
11840us	1	0	0	0
11850us	0	0	0	0
11860us	1	0	0	0
11870us	0	0	0	0
11880us	1	0	0	0
11890us	0	0	0	0
11900us	1	0	0	0
11910us	0	0	0	0
11920us	1	0	0	0
11930us	0	0	0	0
11940us	1	0	0	0
11950us	0	0	0	0
11960us	1	0	0	0
11970us	0	0	0	0
11980us	1	0	0	0
11990us	0	0	0	0
12000us	1	0	0	0
12010us	0	0	0	0
12020us	1	0	0	0
12030us	0	0	0	0
12040us	1	0	0	0
12050us	0	0	0	0
12060us	1	0	0	0
12070us	0	0	0	0
12080us	1	0	0	0
12090us	0	0	0	0
12100us	1	0	0	0
12110us	0	0	0	0
12120us	1	0	0	0
12130us	0	0	0	0
12140us	1	0	0	0
12150us	0	0	0	0
12160us	1	0	0	0
12170us	0	0	0	0
12180us	1	0	0	0
12190us	0	0	0	0
12200us	1	0	0	0
12210us	0	0	0	0
12220us	1	0	0	0
12230us	0	0	0	0
12240us	1	0	0	0
12250us	0	0	0	0
12260us	1	0	0	0
12270us	0	0	0	0
12280us	1	0	0	0
12290us	0	0	0	0
12300us	1	0	0	0
12310us	0	0	0	0
12320us	1	0	0	0
12330us	0	0	0	0
12340us	1	0	0	0
12350us	0	0	0	0
12360us	1	0	0	0
12370us	0	0	0	0
12380us	1	0	0	0
12390us	0	0	0	0
12400us	1	0	0	0
12410us	0	0	0	0
12420us	1	0	0	0
12430us	0	0	0	0
12440us	1	0	0	0
12450us	0	0	0	0
12460us	1	0	0	0
12470us	0	0	0	0
12480us	1	0	0	0
12490us	0	0	0	0
12500us	1	0	0	0
12510us	0	0	0	0
12520us	1	0	0	0
12530us	0	0	0	0
12540us	1	0	0	0
12550us	0	0	0	0
12560us	1	0	0	0
12570us	0	0	0	0
12580us	1	0	0	0
12590us	0	0	0	0
12600us	1	0	0	0
12610us	0	0	0	0
12620us	1	0	0	0
12630us	0	0	0	0
12640us	1	0	0	0
12650us	0	0	0	0
12660us	1	0	0	0
12670us	0	0	0	0
12680us	1	0	0	0
12690us	0	0	0	0
12700us	1	0	0	0
12710us	0	0	0	0
12720us	1	0	0	0
12730us	0	0	0	0
12740us	1	0	0	0
12750us	0	0	0	0
12760us	1	0	0	0
12770us	0	0	0	0
12780us	1	0	0	0
12790us	0	0	0	0
12800us	1	0	0	0
12810us	0	0	0	0
12820us	1	0	0	0
12830us	0	0	0	0
12840us	1	0	0	0
12850us	0	0	0	0
12860us	1	0	0	0
12870us	0	0	0	0
12880us	1	0	0	0
12890us	0	0	0	0
12900us	1	0	0	0
12910us	0	0	0	0
12920us	1	0	0	0
12930us	0	0	0	0
12940us	1	0	0	0
12950us	0	0	0	0
12960us	1	0	0	0
12970us	0	0	0	0
12980us	1	0	0	0
12990us	0	0	0	0
13000us	1	0	0	0
13010us	0	0	0	0
13020us	1	0	0	0
13030us	0	0	0	0
13040us	1	0	0	0
13050us	0	0	0	0
13060us	1	0	0	0
13070us	0	0	0	0
13080us	1	0	0	0
13090us	0	0	0	0
13100us	1	0	0	0
13110us	0	0	0	0
13120us	1	0	0	0
13130us	0	0	0	0
13140us	1	0	0	0
13150us	0	0	0	0
13160us	1	0	0	0
13170us	0	0	0	0
13180us	1	0	0	0
13190us	0	0	0	0
13200us	1	0	0	0
13210us	0	0	0	0
13220us	1	0	0	0
13230us	0	0	0	0
13240us	1	0	0	0
13250us	0	0	0	0
13260us	1	0	0	0
13270us	0	0	0	0
13280us	1	0	0	0
13290us	0	0	0	0
13300us	1	0	0	0
13310us	0	0	0	0
13320us	1	0	0	0
13330us	0	0	0	0
13340us	1	0	0	0
13350us	0	0	0	0
13360us	1	0	0	0
13370us	0	0	0	0
13380us	1	0	0	0
13390us	0	0	0	0
13400us	1	0	0	0
13410us	0	0	0	0
13420us	1	0	0	0
13430us	0	0	0	0
13440us	1	0	0	0
13450us	0	0	0	0
13460us	1	0	0	0
13470us	0	0	0	0
13480us	1	0	0	0
13490us	0	0	0	0
13500us	1	0	0	0
13510us	0	0	0	0
13520us	1	0	0	0
13530us	0	0	0	0
13540us	1	0	0	0
13550us	0	0	0	0
13560us	1	0	0	0
13570us	0	0	0	0
13580us	1	0	0	0
13590us	0	0	0	0
13600us	1	0	0	0
13610us	0	0	0	0
13620us	1	0	0	0
13630us	0	0	0	0
13640us	1	0	0	0
13650us	0	0	0	0
13660us	1	0	0	0
13670us	0	0	0	0
13680us	1	0	0	0
13690us	0	0	0	0
13700us	1	0	0	0
13710us	0	0	0	0
13720us	1	0	0	0
13730us	0	0	0	0
13740us	1	0	0	0
13750us	0	0	0	0
13760us	1	0	0	0
13770us	0	0	0	0
13780us	1	0	0	0
13790us	0	0	0	0
13800us	1	0	0	0
13810us	0	0	0	0
13820us	1	0	0	0
13830us	0	0	0	0
13840us	1	0	0	0
13850us	0	0	0	0
13860us	1	0	0	0
13870us	0	0	0	0
13880us	1	0	0	0
13890us	0	0	0	0
13900us	1	0	0	0
13910us	0	0	0	0
13920us	1	0	0	0
13930us	0	0	0	0
13940us	1	0	0	0
13950us	0	0	0	0
13960us	1	0	0	0
13970us	0	0	0	0
13980us	1	0	0	0
13990us	0	0	0	0
14000us	1	0	0	0
14010us	0	0	0	0
14020us	1	0	0	0
14030us	0	0	0	0
14040us	1	0	0	0
14050us	0	0	0	0
14060us	1	0	0	0
14070us	0	0	0	0
14080us	1	0	0	0
14090us	0	0	0	0
14100us	1	0	0	0
14110us	0	0	0	0
14120us	1	0	0	0
14130us	0	0	0	0
14140us	1	0	0	0
14150us	0	0	0	0
14160us	1	0	0	0
14170us	0	0	0	0
14180us	1	0	0	0
14190us	0	0	0	0
14200us	1	0	0	0
14210us	0	0	0	0
14220us	1	0	0	0
14230us	0	0	0	0
14240us	1	0	0	0
14250us	0	0	0	0
14260us	1	0	0	0
14270us	0	0	0	0
14280us	1	0	0	0
14290us	0	0	0	0
14300us	1	0	0	0
14310us	0	0	0	0
14320us	1	0	0	0
14330us	0	0	0	0
14340us	1	0	0	0
14350us	0	0	0	0
14360us	1	0	0	0
14370us	0	0	0	0
14380us	1	0	0	0
14390us	0	0	0	0
14400us	1	0	0	0
14410us	0	0	0	0
14420us	1	0	0	0
14430us	0	0	0	0
14440us	1	0	0	0
14450us	0	0	0	0
14460us	1	0	0	0
14470us	0	0	0	0
14480us	1	0	0	0
14490us	0	0	0	0
14500us	1	0	0	0
14510us	0	0	0	0
14520us	1	0	0	0
14530us	0	0	0	0
14540us	1	0	0	0
14550us	0	0	0	0
14560us	1	0	0	0
14570us	0	0	0	0
14580us	1	0	0	0
14590us	0	0	0	0
14600us	1	0	0	0
14610us	0	0	0	0
14620us	1	0	0	0
14630us	0	0	0	0
14640us	1	0	0	0
14650us	0	0	0	0
14660us	1	0	0	0
14670us	0	0	0	0
14680us	1	0	0	0
14690us	0	0	0	0
14700us	1	0	0	0
14710us	0	0	0	0
14720us	1	0	0	0
14730us	0	0	0	0
14740us	1	0	0	0
14750us	0	0	0	0
14760us	1	0	0	0
14770us	0	0	0	0
14780us	1	0	0	0
14790us	0	0	0	0
14800us	1	0	0	0
14810us	0	0	0	0
14820us	1	0	0	0
14830us	0	0	0	0
14840us	1	0	0	0
14850us	0	0	0	0
14860us	1	0	0	0
14870us	0	0	0	0
14880us	1	0	0	0
14890us	0	0	0	0
14900us	1	0	0	0
14910us	0	0	0	0
14920us	1	0	0	0
14930us	0	0	0	0
14940us	1	0	0	0
14950us	0	0	0	0
14960us	1	0	0	0
14970us	0	0	0	0
14980us	1	0	0	0
14990us	0	0	0	0
15000us	1	0	0	0
15010us	0	0	0	0
15020us	1	0	0	0
15030us	0	0	0	0
15040us	1	0	0	0
15050us	0	0	0	0
15060us	1	0	0	0
15070us	0	0	0	0
15080us	1	0	0	0
15090us	0	0	0	0
15100us	1	0	0	0
15110us	0	0	0	0
15120us	1	0	0	0
15130us	0	0	0	0
15140us	1	0	0	0
15150us	0	0	0	0
15160us	1	0	0	0
15170us	0	0	0	0
15180us	1	0	0	0
15190us	0	0	0	0
15200us	1	0	0	0
15210us	0	0	0	0
15220us	1	0	0	0
15230us	0	0	0	0
15240us	1	0	0	0
15250us	0	0	0	0
15260us	1	0	0	0
15270us	0	0	0	0
15280us	1	0	0	0
15290us	0	0	0	0
15300us	1	0	0	0
15310us	0	0	0	0
15320us	1	0	0	0
15330us	0	0	0	0
15340us	1	0	0	0
15350us	0	0	0	0
15360us	1	0	0	0
15370us	0	0	0	0
15380us	1	0	0	0
15390us	0	0	0	0
15400us	1	0	0	0
15410us	0	0	0	0
15420us	1	0	0	0
15430us	0	0	0	0
15440us	1	0	0	0
15450us	0	0	0	0
15460us	1	0	0	0
15470us	0	0	0	0
15480us	1	0	0	0
15490us	0	0	0	0
15500us	1	0	0	0
15510us	0	0	0	0
15520us	1	0	0	0
15530us	0	0	0	0
15540us	1	0	0	0
15550us	0	0	0	0
15560us	1	0	0	0
15570us	0	0	0	0
15580us	1	0	0	0
15590us	0	0	0	0
15600us	1	0	0	0
15610us	0	0	0	0
15620us	1	0	0	0
15630us	0	0	0	0
15640us	1	0	0	0
15650us	0	0	0	0
15660us	1	0	0	0
15670us	0	0	0	0
15680us	1	0	0	0
15690us	0	0	0	0
15700us	1	0	0	0
15710us	0	0	0	0
15720us	1	0	0	0
15730us	0	0	0	0
15740us	1	0	0	0
15750us	0	0	0	0
15760us	1	0	0	0
15770us	0	0	0	0
15780us	1	0	0	0
15790us	0	0	0	0
15800us	1	0	0	0
15810us	0	0	0	0
15820us	1	0	0	0
15830us	0	0	0	0
15840us	1	0	0	0
15850us	0	0	0	0
15860us	1	0	0	0
15870us	0	0	0	0
15880us	1	0	0	0
15890us	0	0	0	0
15900us	1	0	0	0
15910us	0	0	0	0
15920us	1	0	0	0
15930us	0	0	0	0
15940us	1	0	0	0
15950us	0	0	0	0
15960us	1	0	0	0
15970us	0	0	0	0
15980us	1	0	0	0
15990us	0	0	0	0
16000us	1	0	0	0
16010us	0	0	0	0
16020us	1	0	0	0
16030us	0	0	0	0
16040us	1	0	0	0
16050us	0	0	0	0
16060us	1	0	0	0
16070us	0	0	0	0
16080us	1	0	0	0
16090us	0	0	0	0
16100us	1	0	0	0
16110us	0	0	0	0
16120us	1	0	0	0
16130us	0	0	0	0
16140us	1	0	0	0
16150us	0	0	0	0
16160us	1	0	0	0
16170us	0	0	0	0
16180us	1	0	0	0
16190us	0	0	0	0
16200us	1	0	0	0
16210us	0	0	0	0
16220us	1	0	0	0
16230us	0	0	0	0
16240us	1	0	0	0
16250us	0	0	0	0
16260us	1	0	0	0
16270us	0	0	0	0
16280us	1	0	0	0
16290us	0	0	0	0
16300us	1	0	0	0
16310us	0	0	0	0
16320us	1	0	0	0
16330us	0	0	0	0
16340us	1	0	0	0
16350us	0	0	0	0
16360us	1	0	0	0
16370us	0	0	0	0
16380us	1	0	0	0
16390us	0	0	0	0
16400us	1	0	0	0
16410us	0	0	0	0
16420us	1	0	0	0
16430us	0	0	0	0
16440us	1	0	0	0
16450us	0	0	0	0
16460us	1	0	0	0
16470us	0	0	0	0
16480us	1	0	0	0
16490us	0	0	0	0
16500us	1	0	0	0
16510us	0	0	0	0
16520us	1	0	0	0
16530us	0	0	0	0
16540us	1	0	0	0
16550us	0	0	0	0
16560us	1	0	0	0
16570us	0	0	0	0
16580us	1	0	0	0
16590us	0	0	0	0
16600us	1	0	0	0
16610us	0	0	0	0
16620us	1	0	0	0
16630us	0	0	0	0
16640us	1	0	0	0
16650us	0	0	0	0
16660us	1	0	0	0
16670us	0	0	0	0
16680us	1	0	0	0
16690us	0	0	0	0
16700us	1	0	0	0
16710us	0	0	0	0
16720us	1	0	0	0
16730us	0	0	0	0
16740us	1	0	0	0
16750us	0	0	0	0
16760us	1	0	0	0
16770us	0	0	0	0
16780us	1	0	0	0
16790us	0	0	0	0
16800us	1	0	0	0
16810us	0	0	0	0
16820us	1	0	0	0
16830us	0	0	0	0
16840us	1	0	0	0
16850us	0	0	0	0
16860us	1	0	0	0
16870us	0	0	0	0
16880us	1	0	0	0
16890us	0	0	0	0
16900us	1	0	0	0
16910us	0	0	0	0
16920us	1	0	0	0
16930us	0	0	0	0
16940us	1	0	0	0
16950us	0	0	0	0
16960us	1	0	0	0
16970us	0	0	0	0
16980us	1	0	0	0
16990us	0	0	0	0
17000us	1	0	0	0
17010us	0	0	0	0
17020us	1	0	0	0
17030us	0	0	0	0
17040us	1	0	0	0
17050us	0	0	0	0
17060us	1	0	0	0
17070us	0	0	0	0
17080us	1	0	0	0
17090us	0	0	0	0
17100us	1	0	0	0
17110us	0	0	0	0
17120us	1	0	0	0
17130us	0	0	0	0
17140us	1	0	0	0
17150us	0	0	0	0
17160us	1	0	0	0
17170us	0	0	0	0
17180us	1	0	0	0
17190us	0	0	0	0
17200us	1	0	0	0
17210us	0	0	0	0
17220us	1	0	0	0
17230us	0	0	0	0
17240us	1	0	0	0
17250us	0	0	0	0
17260us	1	0	0	0
17270us	0	0	0	0
17280us	1	0	0	0
17290us	0	0	0	0
17300us	1	0	0	0
17310us	0	0	0	0
17320us	1	0	0	0
17330us	0	0	0	0
17340us	1	0	0	0
17350us	0	0	0	0
17360us	1	0	0	0
17370us	0	0	0	0
17380us	1	0	0	0
17390us	0	0	0	0
17400us	1	0	0	0
17410us	0	0	0	0
17420us	1	0	0	0
17430us	0	0	0	0
17440us	1	0	0	0
17450us	0	0	0	0
17460us	1	0	0	0
17470us	0	0	0	0
17480us	1	0	0	0
17490us	0	0	0	0
17500us	1	0	0	0
17510us	0	0	0	0
17520us	1	0	0	0
17530us	0	0	0	0
17540us	1	0	0	0
17550us	0	0	0	0
17560us	1	0	0	0
17570us	0	0	0	0
17580us	1	0	0	0
17590us	0	0	0	0
17600us	1	0	0	0
17610us	0	0	0	0
17620us	1	0	0	0
17630us	0	0	0	0
17640us	1	0	0	0
17650us	0	0	0	0
17660us	1	0	0	0
17670us	0	0	0	0
17680us	1	0	0	0
17690us	0	0	0	0
17700us	1	0	0	0
17710us	0	0	0	0
17720us	1	0	0	0
17730us	0	0	0	0
17740us	1	0	0	0
17750us	0	0	0	0
17760us	1	0	0	0
17770us	0	0	0	0
17780us	1	0	0	0
17790us	0	0	0	0
17800us	1	0	0	0
17810us	0	0	0	0
17820us	1	0	0	0
17830us	0	0	0	0
17840us	1	0	0	0
17850us	0	0	0	0
17860us	1	0	0	0
17870us	0	0	0	0
17880us	1	0	0	0
17890us	0	0	0	0
17900us	1	0	0	0
17910us	0	0	0	0
17920us	1	0	0	0
17930us	0	0	0	0
17940us	1	0	0	0
17950us	0	0	0	0
17960us	1	0	0	0
17970us	0	0	0	0
17980us	1	0	0	0
17990us	0	0	0	0
18000us	1	0	0	0
18010us	0	0	0	0
18020us	1	0	0	0
18030us	0	0	0	0
18040us	1	0	0	0
18050us	0	0	0	0
18060us	1	0	0	0
18070us	0	0	0	0
18080us	1	0	0	0
18090us	0	0	0	0
18100us	1	0	0	0
18110us	0	0	0	0
18120us	1	0	0	0
18130us	0	0	0	0
18140us	1	0	0	0
18150us	0	0	0	0
18160us	1	0	0	0
18170us	0	0	0	0
18180us	1	0	0	0
18190us	0	0	0	0
18200us	1	0	0	0
18210us	0	0	0	0
18220us	1	0	0	0
18230us	0	0	0	0
18240us	1	0	0	0
18250us	0	0	0	0
18260us	1	0	0	0
18270us	0	0	0	0
18280us	1	0	0	0
18290us	0	0	0	0
18300us	1	0	0	0
18310us	0	0	0	0
18320us	1	0	0	0
18330us	0	0	0	0
18340us	1	0	0	0
18350us	0	0	0	0
18360us	1	0	0	0
18370us	0	0	0	0
18380us	1	0	0	0
18390us	0	0	0	0
18400us	1	0	0	0
18410us	0	0	0	0
18420us	1	0	0	0
18430us	0	0	0	0
18440us	1	0	0	0
18450us	0	0	0	0
18460us	1	0	0	0
18470us	0	0	0	0
18480us	1	0	0	0
18490us	0	0	0	0
18500us	1	0	0	0
18510us	0	0	0	0
18520us	1	0	0	0
18530us	0	0	0	0
18540us	1	0	0	0
18550us	0	0	0	0
18560us	1	0	0	0
18570us	0	0	0	0
18580us	1	0	0	0
18590us	0	0	0	0
18600us	1	0	0	0
18610us	0	0	0	0
18620us	1	0	0	0
18630us	0	0	0	0
18640us	1	0	0	0
18650us	0	0	0	0
18660us	1	0	0	0
18670us	0	0	0	0
18680us	1	0	0	0
18690us	0	0	0	0
18700us	1	0	0	0
18710us	0	0	0	0
18720us	1	0	0	0
18730us	0	0	0	0
18740us	1	0	0	0
18750us	0	0	0	0
18760us	1	0	0	0
18770us	0	0	0	0
18780us	1	0	0	0
18790us	0	0	0	0
18800us	1	0	0	0
18810us	0	0	0	0
18820us	1	0	0	0
18830us	0	0	0	0
18840us	1	0	0	0
18850us	0	0	0	0
18860us	1	0	0	0
18870us	0	0	0	0
18880us	1	0	0	0
18890us	0	0	0	0
18900us	1	0	0	0
18910us	0	0	0	0
18920us	1	0	0	0
18930us	0	0	0	0
18940us	1	0	0	0
18950us	0	0	0	0
18960us	1	0	0	0
18970us	0	0	0	0
18980us	1	0	0	0
18990us	0	0	0	0
19000us	1	0	0	0
19010us	0	0	0	0
19020us	1	0	0	0
19030us	0	0	0	0
19040us	1	0	0	0
19050us	0	0	0	0
19060us	1	0	0	0
19070us	0	0	0	0
19080us	1	0	0	0
19090us	0	0	0	0
19100us	1	0	0	0
19110us	0	0	0	0
19120us	1	0	0	0
19130us	0	0	0	0
19140us	1	0	0	0
19150us	0	0	0	0
19160us	1	0	0	0
19170us	0	0	0	0
19180us	1	0	0	0
19190us	0	0	0	0
19200us	1	0	0	0
19210us	0	0	0	0
19220us	1	0	0	0
19230us	0	0	0	0
19240us	1	0	0	0
19250us	0	0	0	0
19260us	1	0	0	0
19270us	0	0	0	0
19280us	1	0	0	0
19290us	0	0	0	0
19300us	1	0	0	0
19310us	0	0	0	0
19320us	1	0	0	0
19330us	0	0	0	0
19340us	1	0	0	0
19350us	0	0	0	0
19360us	1	0	0	0
19370us	0	0	0	0
19380us	1	0	0	0
19390us	0	0	0	0
19400us	1	0	0	0
19410us	0	0	0	0
19420us	1	0	0	0
19430us	0	0	0	0
19440us	1	0	0	0
19450us	0	0	0	0
19460us	1	0	0	0
19470us	0	0	0	0
19480us	1	0	0	0
19490us	0	0	0	0
19500us	1	0	0	0
19510us	0	0	0	0
19520us	1	0	0	0
19530us	0	0	0	0
19540us	1	0	0	0
19550us	0	0	0	0
19560us	1	0	0	0
19570us	0	0	0	0
19580us	1	0	0	0
19590us	0	0	0	0
19600us	1	0	0	0
19610us	0	0	0	0
19620us	1	0	0	0
19630us	0	0	0	0
19640us	1	0	0	0
19650us	0	0	0	0
19660us	1	0	0	0
19670us	0	0	0	0
19680us	1	0	0	0
19690us	0	0	0	0
19700us	1	0	0	0
19710us	0	0	0	0
19720us	1	0	0	0
19730us	0	0	0	0
19740us	1	0	0	0
19750us	0	0	0	0
19760us	1	0	0	0
19770us	0	0	0	0
19780us	1	0	0	0
19790us	0	0	0	0
19800us	1	0	0	0
19810us	0	0	0	0
19820us	1	0	0	0
19830us	0	0	0	0
19840us	1	0	0	0
19850us	0	0	0	0
19860us	1	0	0	0
19870us	0	0	0	0
19880us	1	0	0	0
19890us	0	0	0	0
19900us	1	0	0	0
19910us	0	0	0	0
19920us	1	0	0	0
19930us	0	0	0	0
19940us	1	0	0	0
19950us	0	0	0	0
19960us	1	0	0	0
19970us	0	0	0	0
19980us	1	0	0	0
19990us	0	0	0	0
20000us	1	1	1	1
20010us	0	1	1	1
20020us	1	1	1	1
20030us	0	1	1	1
20040us	1	1	1	1
20050us	0	1	1	1
20060us	1	1	1	1
20070us	0	1	1	1
20080us	1	1	1	1
20090us	0	1	1	1
20100us	1	1	1	1
20110us	0	1	1	1
20120us	1	1	1	1
20130us	0	1	1	1
20140us	1	1	1	1
20150us	0	1	1	1
20160us	1	1	1	1
20170us	0	1	1	1
20180us	1	1	1	1
20190us	0	1	1	1
20200us	1	1	1	1
20210us	0	1	1	1
20220us	1	1	1	1
20230us	0	1	1	1
20240us	1	1	1	1
20250us	0	1	1	1
20260us	1	1	1	1
20270us	0	1	1	1
20280us	1	1	1	1
20290us	0	1	1	1
20300us	1	1	1	1
20310us	0	1	1	1
20320us	1	1	1	1
20330us	0	1	1	1
20340us	1	1	1	1
20350us	0	1	1	1
20360us	1	1	1	1
20370us	0	1	1	1
20380us	1	1	1	1
20390us	0	1	1	1
20400us	1	1	1	1
20410us	0	1	1	1
20420us	1	1	1	1
20430us	0	1	1	1
20440us	1	1	1	1
20450us	0	1	1	1
20460us	1	1	1	1
20470us	0	1	1	1
20480us	1	1	1	1
20490us	0	1	1	1
20500us	1	1	1	1
20510us	0	1	1	1
20520us	1	1	1	1
20530us	0	1	1	1
20540us	1	1	1	1
20550us	0	1	1	1
20560us	1	1	1	1
20570us	0	1	1	1
20580us	1	1	1	1
20590us	0	1	1	1
20600us	1	1	1	1
20610us	0	1	1	1
20620us	1	1	1	1
20630us	0	1	1	1
20640us	1	1	1	1
20650us	0	1	1	1
20660us	1	1	1	1
20670us	0	1	1	1
20680us	1	1	1	1
20690us	0	1	1	1
20700us	1	1	1	1
20710us	0	1	1	1
20720us	1	1	1	1
20730us	0	1	1	1
20740us	1	1	1	1
20750us	0	1	1	1
20760us	1	1	1	1
20770us	0	1	1	1
20780us	1	1	1	1
20790us	0	1	1	1
20800us	1	1	1	1
20810us	0	1	1	1
20820us	1	1	1	1
20830us	0	1	1	1
20840us	1	1	1	1
20850us	0	1	1	1
20860us	1	1	1	1
20870us	0	1	1	1
20880us	1	1	1	1
20890us	0	1	1	1
20900us	1	1	1	1
20910us	0	1	1	1
20920us	1	1	1	1
20930us	0	1	1	1
20940us	1	1	1	1
20950us	0	1	1	1
20960us	1	1	1	1
20970us	0	1	1	1
20980us	1	1	1	1
20990us	0	1	1	1
21000us	1	0	1	1
21010us	0	0	1	1
21020us	1	0	1	1
21030us	0	0	1	1
21040us	1	0	1	1
21050us	0	0	1	1
21060us	1	0	1	1
21070us	0	0	1	1
21080us	1	0	1	1
21090us	0	0	1	1
21100us	1	0	1	1
21110us	0	0	1	1
21120us	1	0	1	1
21130us	0	0	1	1
21140us	1	0	1	1
21150us	0	0	1	1
21160us	1	0	1	1
21170us	0	0	1	1
21180us	1	0	1	1
21190us	0	0	1	1
21200us	1	0	1	1
21210us	0	0	1	1
21220us	1	0	1	1
21230us	0	0	1	1
21240us	1	0	1	1
21250us	0	0	1	1
21260us	1	0	1	1
21270us	0	0	1	1
21280us	1	0	1	1
21290us	0	0	1	1
21300us	1	0	1	1
21310us	0	0	1	1
21320us	1	0	1	1
21330us	0	0	1	1
21340us	1	0	1	1
21350us	0	0	1	1
21360us	1	0	1	1
21370us	0	0	1	1
21380us	1	0	1	1
21390us	0	0	1	1
21400us	1	0	1	1
21410us	0	0	1	1
21420us	1	0	1	1
21430us	0	0	1	1
21440us	1	0	1	1
21450us	0	0	1	1
21460us	1	0	1	1
21470us	0	0	1	1
21480us	1	0	1	1
21490us	0	0	1	1
21500us	1	0	1	1
21510us	0	0	1	1
21520us	1	0	0	1
21530us	0	0	0	1
21540us	1	0	0	1
21550us	0	0	0	1
21560us	1	0	0	1
21570us	0	0	0	1
21580us	1	0	0	1
21590us	0	0	0	1
21600us	1	0	0	1
21610us	0	0	0	1
21620us	1	0	0	1
21630us	0	0	0	1
21640us	1	0	0	1
21650us	0	0	0	1
21660us	1	0	0	1
21670us	0	0	0	1
21680us	1	0	0	1
21690us	0	0	0	1
21700us	1	0	0	1
21710us	0	0	0	1
21720us	1	0	0	1
21730us	0	0	0	1
21740us	1	0	0	1
21750us	0	0	0	1
21760us	1	0	0	1
21770us	0	0	0	1
21780us	1	0	0	1
21790us	0	0	0	1
21800us	1	0	0	1
21810us	0	0	0	1
21820us	1	0	0	1
21830us	0	0	0	1
21840us	1	0	0	1
21850us	0	0	0	1
21860us	1	0	0	1
21870us	0	0	0	1
21880us	1	0	0	1
21890us	0	0	0	1
21900us	1	0	0	1
21910us	0	0	0	1
21920us	1	0	0	1
21930us	0	0	0	1
21940us	1	0	0	1
21950us	0	0	0	1
21960us	1	0	0	1
21970us	0	0	0	1
21980us	1	0	0	1
21990us	0	0	0	1
22000us	1	0	0	0
22010us	0	0	0	0
22020us	1	0	0	0
22030us	0	0	0	0
22040us	1	0	0	0
22050us	0	0	0	0
22060us	1	0	0	0
22070us	0	0	0	0
22080us	1	0	0	0
22090us	0	0	0	0
22100us	1	0	0	0
22110us	0	0	0	0
22120us	1	0	0	0
22130us	0	0	0	0
22140us	1	0	0	0
22150us	0	0	0	0
22160us	1	0	0	0
22170us	0	0	0	0
22180us	1	0	0	0
22190us	0	0	0	0
22200us	1	0	0	0
22210us	0	0	0	0
22220us	1	0	0	0
22230us	0	0	0	0
22240us	1	0	0	0
22250us	0	0	0	0
22260us	1	0	0	0
22270us	0	0	0	0
22280us	1	0	0	0
22290us	0	0	0	0
22300us	1	0	0	0
22310us	0	0	0	0
22320us	1	0	0	0
22330us	0	0	0	0
22340us	1	0	0	0
22350us	0	0	0	0
22360us	1	0	0	0
22370us	0	0	0	0
22380us	1	0	0	0
22390us	0	0	0	0
22400us	1	0	0	0
22410us	0	0	0	0
22420us	1	0	0	0
22430us	0	0	0	0
22440us	1	0	0	0
22450us	0	0	0	0
22460us	1	0	0	0
22470us	0	0	0	0
22480us	1	0	0	0
22490us	0	0	0	0
22500us	1	0	0	0
22510us	0	0	0	0
22520us	1	0	0	0
22530us	0	0	0	0
22540us	1	0	0	0
22550us	0	0	0	0
22560us	1	0	0	0
22570us	0	0	0	0
22580us	1	0	0	0
22590us	0	0	0	0
22600us	1	0	0	0
22610us	0	0	0	0
22620us	1	0	0	0
22630us	0	0	0	0
22640us	1	0	0	0
22650us	0	0	0	0
22660us	1	0	0	0
22670us	0	0	0	0
22680us	1	0	0	0
22690us	0	0	0	0
22700us	1	0	0	0
22710us	0	0	0	0
22720us	1	0	0	0
22730us	0	0	0	0
22740us	1	0	0	0
22750us	0	0	0	0
22760us	1	0	0	0
22770us	0	0	0	0
22780us	1	0	0	0
22790us	0	0	0	0
22800us	1	0	0	0
22810us	0	0	0	0
22820us	1	0	0	0
22830us	0	0	0	0
22840us	1	0	0	0
22850us	0	0	0	0
22860us	1	0	0	0
22870us	0	0	0	0
22880us	1	0	0	0
22890us	0	0	0	0
22900us	1	0	0	0
22910us	0	0	0	0
22920us	1	0	0	0
22930us	0	0	0	0
22940us	1	0	0	0
22950us	0	0	0	0
22960us	1	0	0	0
22970us	0	0	0	0
22980us	1	0	0	0
22990us	0	0	0	0
23000us	1	0	0	0
23010us	0	0	0	0
23020us	1	0	0	0
23030us	0	0	0	0
23040us	1	0	0	0
23050us	0	0	0	0
23060us	1	0	0	0
23070us	0	0	0	0
23080us	1	0	0	0
23090us	0	0	0	0
23100us	1	0	0	0
23110us	0	0	0	0
23120us	1	0	0	0
23130us	0	0	0	0
23140us	1	0	0	0
23150us	0	0	0	0
23160us	1	0	0	0
23170us	0	0	0	0
23180us	1	0	0	0
23190us	0	0	0	0
23200us	1	0	0	0
23210us	0	0	0	0
23220us	1	0	0	0
23230us	0	0	0	0
23240us	1	0	0	0
23250us	0	0	0	0
23260us	1	0	0	0
23270us	0	0	0	0
23280us	1	0	0	0
23290us	0	0	0	0
23300us	1	0	0	0
23310us	0	0	0	0
23320us	1	0	0	0
23330us	0	0	0	0
23340us	1	0	0	0
23350us	0	0	0	0
23360us	1	0	0	0
23370us	0	0	0	0
23380us	1	0	0	0
23390us	0	0	0	0
23400us	1	0	0	0
23410us	0	0	0	0
23420us	1	0	0	0
23430us	0	0	0	0
23440us	1	0	0	0
23450us	0	0	0	0
23460us	1	0	0	0
23470us	0	0	0	0
23480us	1	0	0	0
23490us	0	0	0	0
23500us	1	0	0	0
23510us	0	0	0	0
23520us	1	0	0	0
23530us	0	0	0	0
23540us	1	0	0	0
23550us	0	0	0	0
23560us	1	0	0	0
23570us	0	0	0	0
23580us	1	0	0	0
23590us	0	0	0	0
23600us	1	0	0	0
23610us	0	0	0	0
23620us	1	0	0	0
23630us	0	0	0	0
23640us	1	0	0	0
23650us	0	0	0	0
23660us	1	0	0	0
23670us	0	0	0	0
23680us	1	0	0	0
23690us	0	0	0	0
23700us	1	0	0	0
23710us	0	0	0	0
23720us	1	0	0	0
23730us	0	0	0	0
23740us	1	0	0	0
23750us	0	0	0	0
23760us	1	0	0	0
23770us	0	0	0	0
23780us	1	0	0	0
23790us	0	0	0	0
23800us	1	0	0	0
23810us	0	0	0	0
23820us	1	0	0	0
23830us	0	0	0	0
23840us	1	0	0	0
23850us	0	0	0	0
23860us	1	0	0	0
23870us	0	0	0	0
23880us	1	0	0	0
23890us	0	0	0	0
23900us	1	0	0	0
23910us	0	0	0	0
23920us	1	0	0	0
23930us	0	0	0	0
23940us	1	0	0	0
23950us	0	0	0	0
23960us	1	0	0	0
23970us	0	0	0	0
23980us	1	0	0	0
23990us	0	0	0	0
24000us	1	0	0	0
24010us	0	0	0	0
24020us	1	0	0	0
24030us	0	0	0	0
24040us	1	0	0	0
24050us	0	0	0	0
24060us	1	0	0	0
24070us	0	0	0	0
24080us	1	0	0	0
24090us	0	0	0	0
24100us	1	0	0	0
24110us	0	0	0	0
24120us	1	0	0	0
24130us	0	0	0	0
24140us	1	0	0	0
24150us	0	0	0	0
24160us	1	0	0	0
24170us	0	0	0	0
24180us	1	0	0	0
24190us	0	0	0	0
24200us	1	0	0	0
24210us	0	0	0	0
24220us	1	0	0	0
24230us	0	0	0	0
24240us	1	0	0	0
24250us	0	0	0	0
24260us	1	0	0	0
24270us	0	0	0	0
24280us	1	0	0	0
24290us	0	0	0	0
24300us	1	0	0	0
24310us	0	0	0	0
24320us	1	0	0	0
24330us	0	0	0	0
24340us	1	0	0	0
24350us	0	0	0	0
24360us	1	0	0	0
24370us	0	0	0	0
24380us	1	0	0	0
24390us	0	0	0	0
24400us	1	0	0	0
24410us	0	0	0	0
24420us	1	0	0	0
24430us	0	0	0	0
24440us	1	0	0	0
24450us	0	0	0	0
24460us	1	0	0	0
24470us	0	0	0	0
24480us	1	0	0	0
24490us	0	0	0	0
24500us	1	0	0	0
24510us	0	0	0	0
24520us	1	0	0	0
24530us	0	0	0	0
24540us	1	0	0	0
24550us	0	0	0	0
24560us	1	0	0	0
24570us	0	0	0	0
24580us	1	0	0	0
24590us	0	0	0	0
24600us	1	0	0	0
24610us	0	0	0	0
24620us	1	0	0	0
24630us	0	0	0	0
24640us	1	0	0	0
24650us	0	0	0	0
24660us	1	0	0	0
24670us	0	0	0	0
24680us	1	0	0	0
24690us	0	0	0	0
24700us	1	0	0	0
24710us	0	0	0	0
24720us	1	0	0	0
24730us	0	0	0	0
24740us	1	0	0	0
24750us	0	0	0	0
24760us	1	0	0	0
24770us	0	0	0	0
24780us	1	0	0	0
24790us	0	0	0	0
24800us	1	0	0	0
24810us	0	0	0	0
24820us	1	0	0	0
24830us	0	0	0	0
24840us	1	0	0	0
24850us	0	0	0	0
24860us	1	0	0	0
24870us	0	0	0	0
24880us	1	0	0	0
24890us	0	0	0	0
24900us	1	0	0	0
24910us	0	0	0	0
24920us	1	0	0	0
24930us	0	0	0	0
24940us	1	0	0	0
24950us	0	0	0	0
24960us	1	0	0	0
24970us	0	0	0	0
24980us	1	0	0	0
24990us	0	0	0	0
25000us	1	0	0	0
25010us	0	0	0	0
25020us	1	0	0	0
25030us	0	0	0	0
25040us	1	0	0	0
25050us	0	0	0	0
25060us	1	0	0	0
25070us	0	0	0	0
25080us	1	0	0	0
25090us	0	0	0	0
25100us	1	0	0	0
25110us	0	0	0	0
25120us	1	0	0	0
25130us	0	0	0	0
25140us	1	0	0	0
25150us	0	0	0	0
25160us	1	0	0	0
25170us	0	0	0	0
25180us	1	0	0	0
25190us	0	0	0	0
25200us	1	0	0	0
25210us	0	0	0	0
25220us	1	0	0	0
25230us	0	0	0	0
25240us	1	0	0	0
25250us	0	0	0	0
25260us	1	0	0	0
25270us	0	0	0	0
25280us	1	0	0	0
25290us	0	0	0	0
25300us	1	0	0	0
25310us	0	0	0	0
25320us	1	0	0	0
25330us	0	0	0	0
25340us	1	0	0	0
25350us	0	0	0	0
25360us	1	0	0	0
25370us	0	0	0	0
25380us	1	0	0	0
25390us	0	0	0	0
25400us	1	0	0	0
25410us	0	0	0	0
25420us	1	0	0	0
25430us	0	0	0	0
25440us	1	0	0	0
25450us	0	0	0	0
25460us	1	0	0	0
25470us	0	0	0	0
25480us	1	0	0	0
25490us	0	0	0	0
25500us	1	0	0	0
25510us	0	0	0	0
25520us	1	0	0	0
25530us	0	0	0	0
25540us	1	0	0	0
25550us	0	0	0	0
25560us	1	0	0	0
25570us	0	0	0	0
25580us	1	0	0	0
25590us	0	0	0	0
25600us	1	0	0	0
25610us	0	0	0	0
25620us	1	0	0	0
25630us	0	0	0	0
25640us	1	0	0	0
25650us	0	0	0	0
25660us	1	0	0	0
25670us	0	0	0	0
25680us	1	0	0	0
25690us	0	0	0	0
25700us	1	0	0	0
25710us	0	0	0	0
25720us	1	0	0	0
25730us	0	0	0	0
25740us	1	0	0	0
25750us	0	0	0	0
25760us	1	0	0	0
25770us	0	0	0	0
25780us	1	0	0	0
25790us	0	0	0	0
25800us	1	0	0	0
25810us	0	0	0	0
25820us	1	0	0	0
25830us	0	0	0	0
25840us	1	0	0	0
25850us	0	0	0	0
25860us	1	0	0	0
25870us	0	0	0	0
25880us	1	0	0	0
25890us	0	0	0	0
25900us	1	0	0	0
25910us	0	0	0	0
25920us	1	0	0	0
25930us	0	0	0	0
25940us	1	0	0	0
25950us	0	0	0	0
25960us	1	0	0	0
25970us	0	0	0	0
25980us	1	0	0	0
25990us	0	0	0	0
26000us	1	0	0	0
26010us	0	0	0	0
26020us	1	0	0	0
26030us	0	0	0	0
26040us	1	0	0	0
26050us	0	0	0	0
26060us	1	0	0	0
26070us	0	0	0	0
26080us	1	0	0	0
26090us	0	0	0	0
26100us	1	0	0	0
26110us	0	0	0	0
26120us	1	0	0	0
26130us	0	0	0	0
26140us	1	0	0	0
26150us	0	0	0	0
26160us	1	0	0	0
26170us	0	0	0	0
26180us	1	0	0	0
26190us	0	0	0	0
26200us	1	0	0	0
26210us	0	0	0	0
26220us	1	0	0	0
26230us	0	0	0	0
26240us	1	0	0	0
26250us	0	0	0	0
26260us	1	0	0	0
26270us	0	0	0	0
26280us	1	0	0	0
26290us	0	0	0	0
26300us	1	0	0	0
26310us	0	0	0	0
26320us	1	0	0	0
26330us	0	0	0	0
26340us	1	0	0	0
26350us	0	0	0	0
26360us	1	0	0	0
26370us	0	0	0	0
26380us	1	0	0	0
26390us	0	0	0	0
26400us	1	0	0	0
26410us	0	0	0	0
26420us	1	0	0	0
26430us	0	0	0	0
26440us	1	0	0	0
26450us	0	0	0	0
26460us	1	0	0	0
26470us	0	0	0	0
26480us	1	0	0	0
26490us	0	0	0	0
26500us	1	0	0	0
26510us	0	0	0	0
26520us	1	0	0	0
26530us	0	0	0	0
26540us	1	0	0	0
26550us	0	0	0	0
26560us	1	0	0	0
26570us	0	0	0	0
26580us	1	0	0	0
26590us	0	0	0	0
26600us	1	0	0	0
26610us	0	0	0	0
26620us	1	0	0	0
26630us	0	0	0	0
26640us	1	0	0	0
26650us	0	0	0	0
26660us	1	0	0	0
26670us	0	0	0	0
26680us	1	0	0	0
26690us	0	0	0	0
26700us	1	0	0	0
26710us	0	0	0	0
26720us	1	0	0	0
26730us	0	0	0	0
26740us	1	0	0	0
26750us	0	0	0	0
26760us	1	0	0	0
26770us	0	0	0	0
26780us	1	0	0	0
26790us	0	0	0	0
26800us	1	0	0	0
26810us	0	0	0	0
26820us	1	0	0	0
26830us	0	0	0	0
26840us	1	0	0	0
26850us	0	0	0	0
26860us	1	0	0	0
26870us	0	0	0	0
26880us	1	0	0	0
26890us	0	0	0	0
26900us	1	0	0	0
26910us	0	0	0	0
26920us	1	0	0	0
26930us	0	0	0	0
26940us	1	0	0	0
26950us	0	0	0	0
26960us	1	0	0	0
26970us	0	0	0	0
26980us	1	0	0	0
26990us	0	0	0	0
27000us	1	0	0	0
27010us	0	0	0	0
27020us	1	0	0	0
27030us	0	0	0	0
27040us	1	0	0	0
27050us	0	0	0	0
27060us	1	0	0	0
27070us	0	0	0	0
27080us	1	0	0	0
27090us	0	0	0	0
27100us	1	0	0	0
27110us	0	0	0	0
27120us	1	0	0	0
27130us	0	0	0	0
27140us	1	0	0	0
27150us	0	0	0	0
27160us	1	0	0	0
27170us	0	0	0	0
27180us	1	0	0	0
27190us	0	0	0	0
27200us	1	0	0	0
27210us	0	0	0	0
27220us	1	0	0	0
27230us	0	0	0	0
27240us	1	0	0	0
27250us	0	0	0	0
27260us	1	0	0	0
27270us	0	0	0	0
27280us	1	0	0	0
27290us	0	0	0	0
27300us	1	0	0	0
27310us	0	0	0	0
27320us	1	0	0	0
27330us	0	0	0	0
27340us	1	0	0	0
27350us	0	0	0	0
27360us	1	0	0	0
27370us	0	0	0	0
27380us	1	0	0	0
27390us	0	0	0	0
27400us	1	0	0	0
27410us	0	0	0	0
27420us	1	0	0	0
27430us	0	0	0	0
27440us	1	0	0	0
27450us	0	0	0	0
27460us	1	0	0	0
27470us	0	0	0	0
27480us	1	0	0	0
27490us	0	0	0	0
27500us	1	0	0	0
27510us	0	0	0	0
27520us	1	0	0	0
27530us	0	0	0	0
27540us	1	0	0	0
27550us	0	0	0	0
27560us	1	0	0	0
27570us	0	0	0	0
27580us	1	0	0	0
27590us	0	0	0	0
27600us	1	0	0	0
27610us	0	0	0	0
27620us	1	0	0	0
27630us	0	0	0	0
27640us	1	0	0	0
27650us	0	0	0	0
27660us	1	0	0	0
27670us	0	0	0	0
27680us	1	0	0	0
27690us	0	0	0	0
27700us	1	0	0	0
27710us	0	0	0	0
27720us	1	0	0	0
27730us	0	0	0	0
27740us	1	0	0	0
27750us	0	0	0	0
27760us	1	0	0	0
27770us	0	0	0	0
27780us	1	0	0	0
27790us	0	0	0	0
27800us	1	0	0	0
27810us	0	0	0	0
27820us	1	0	0	0
27830us	0	0	0	0
27840us	1	0	0	0
27850us	0	0	0	0
27860us	1	0	0	0
27870us	0	0	0	0
27880us	1	0	0	0
27890us	0	0	0	0
27900us	1	0	0	0
27910us	0	0	0	0
27920us	1	0	0	0
27930us	0	0	0	0
27940us	1	0	0	0
27950us	0	0	0	0
27960us	1	0	0	0
27970us	0	0	0	0
27980us	1	0	0	0
27990us	0	0	0	0
28000us	1	0	0	0
28010us	0	0	0	0
28020us	1	0	0	0
28030us	0	0	0	0
28040us	1	0	0	0
28050us	0	0	0	0
28060us	1	0	0	0
28070us	0	0	0	0
28080us	1	0	0	0
28090us	0	0	0	0
28100us	1	0	0	0
28110us	0	0	0	0
28120us	1	0	0	0
28130us	0	0	0	0
28140us	1	0	0	0
28150us	0	0	0	0
28160us	1	0	0	0
28170us	0	0	0	0
28180us	1	0	0	0
28190us	0	0	0	0
28200us	1	0	0	0
28210us	0	0	0	0
28220us	1	0	0	0
28230us	0	0	0	0
28240us	1	0	0	0
28250us	0	0	0	0
28260us	1	0	0	0
28270us	0	0	0	0
28280us	1	0	0	0
28290us	0	0	0	0
28300us	1	0	0	0
28310us	0	0	0	0
28320us	1	0	0	0
28330us	0	0	0	0
28340us	1	0	0	0
28350us	0	0	0	0
28360us	1	0	0	0
28370us	0	0	0	0
28380us	1	0	0	0
28390us	0	0	0	0
28400us	1	0	0	0
28410us	0	0	0	0
28420us	1	0	0	0
28430us	0	0	0	0
28440us	1	0	0	0
28450us	0	0	0	0
28460us	1	0	0	0
28470us	0	0	0	0
28480us	1	0	0	0
28490us	0	0	0	0
28500us	1	0	0	0
28510us	0	0	0	0
28520us	1	0	0	0
28530us	0	0	0	0
28540us	1	0	0	0
28550us	0	0	0	0
28560us	1	0	0	0
28570us	0	0	0	0
28580us	1	0	0	0
28590us	0	0	0	0
28600us	1	0	0	0
28610us	0	0	0	0
28620us	1	0	0	0
28630us	0	0	0	0
28640us	1	0	0	0
28650us	0	0	0	0
28660us	1	0	0	0
28670us	0	0	0	0
28680us	1	0	0	0
28690us	0	0	0	0
28700us	1	0	0	0
28710us	0	0	0	0
28720us	1	0	0	0
28730us	0	0	0	0
28740us	1	0	0	0
28750us	0	0	0	0
28760us	1	0	0	0
28770us	0	0	0	0
28780us	1	0	0	0
28790us	0	0	0	0
28800us	1	0	0	0
28810us	0	0	0	0
28820us	1	0	0	0
28830us	0	0	0	0
28840us	1	0	0	0
28850us	0	0	0	0
28860us	1	0	0	0
28870us	0	0	0	0
28880us	1	0	0	0
28890us	0	0	0	0
28900us	1	0	0	0
28910us	0	0	0	0
28920us	1	0	0	0
28930us	0	0	0	0
28940us	1	0	0	0
28950us	0	0	0	0
28960us	1	0	0	0
28970us	0	0	0	0
28980us	1	0	0	0
28990us	0	0	0	0
29000us	1	0	0	0
29010us	0	0	0	0
29020us	1	0	0	0
29030us	0	0	0	0
29040us	1	0	0	0
29050us	0	0	0	0
29060us	1	0	0	0
29070us	0	0	0	0
29080us	1	0	0	0
29090us	0	0	0	0
29100us	1	0	0	0
29110us	0	0	0	0
29120us	1	0	0	0
29130us	0	0	0	0
29140us	1	0	0	0
29150us	0	0	0	0
29160us	1	0	0	0
29170us	0	0	0	0
29180us	1	0	0	0
29190us	0	0	0	0
29200us	1	0	0	0
29210us	0	0	0	0
29220us	1	0	0	0
29230us	0	0	0	0
29240us	1	0	0	0
29250us	0	0	0	0
29260us	1	0	0	0
29270us	0	0	0	0
29280us	1	0	0	0
29290us	0	0	0	0
29300us	1	0	0	0
29310us	0	0	0	0
29320us	1	0	0	0
29330us	0	0	0	0
29340us	1	0	0	0
29350us	0	0	0	0
29360us	1	0	0	0
29370us	0	0	0	0
29380us	1	0	0	0
29390us	0	0	0	0
29400us	1	0	0	0
29410us	0	0	0	0
29420us	1	0	0	0
29430us	0	0	0	0
29440us	1	0	0	0
29450us	0	0	0	0
29460us	1	0	0	0
29470us	0	0	0	0
29480us	1	0	0	0
29490us	0	0	0	0
29500us	1	0	0	0
29510us	0	0	0	0
29520us	1	0	0	0
29530us	0	0	0	0
29540us	1	0	0	0
29550us	0	0	0	0
29560us	1	0	0	0
29570us	0	0	0	0
29580us	1	0	0	0
29590us	0	0	0	0
29600us	1	0	0	0
29610us	0	0	0	0
29620us	1	0	0	0
29630us	0	0	0	0
29640us	1	0	0	0
29650us	0	0	0	0
29660us	1	0	0	0
29670us	0	0	0	0
29680us	1	0	0	0
29690us	0	0	0	0
29700us	1	0	0	0
29710us	0	0	0	0
29720us	1	0	0	0
29730us	0	0	0	0
29740us	1	0	0	0
29750us	0	0	0	0
29760us	1	0	0	0
29770us	0	0	0	0
29780us	1	0	0	0
29790us	0	0	0	0
29800us	1	0	0	0
29810us	0	0	0	0
29820us	1	0	0	0
29830us	0	0	0	0
29840us	1	0	0	0
29850us	0	0	0	0
29860us	1	0	0	0
29870us	0	0	0	0
29880us	1	0	0	0
29890us	0	0	0	0
29900us	1	0	0	0
29910us	0	0	0	0
29920us	1	0	0	0
29930us	0	0	0	0
29940us	1	0	0	0
29950us	0	0	0	0
29960us	1	0	0	0
29970us	0	0	0	0
29980us	1	0	0	0
29990us	0	0	0	0
30000us	1	0	0	0
30010us	0	0	0	0
30020us	1	0	0	0
30030us	0	0	0	0
30040us	1	0	0	0
30050us	0	0	0	0
30060us	1	0	0	0
30070us	0	0	0	0
30080us	1	0	0	0
30090us	0	0	0	0
30100us	1	0	0	0
30110us	0	0	0	0
30120us	1	0	0	0
30130us	0	0	0	0
30140us	1	0	0	0
30150us	0	0	0	0
30160us	1	0	0	0
30170us	0	0	0	0
30180us	1	0	0	0
30190us	0	0	0	0
30200us	1	0	0	0
30210us	0	0	0	0
30220us	1	0	0	0
30230us	0	0	0	0
30240us	1	0	0	0
30250us	0	0	0	0
30260us	1	0	0	0
30270us	0	0	0	0
30280us	1	0	0	0
30290us	0	0	0	0
30300us	1	0	0	0
30310us	0	0	0	0
30320us	1	0	0	0
30330us	0	0	0	0
30340us	1	0	0	0
30350us	0	0	0	0
30360us	1	0	0	0
30370us	0	0	0	0
30380us	1	0	0	0
30390us	0	0	0	0
30400us	1	0	0	0
30410us	0	0	0	0
30420us	1	0	0	0
30430us	0	0	0	0
30440us	1	0	0	0
30450us	0	0	0	0
30460us	1	0	0	0
30470us	0	0	0	0
30480us	1	0	0	0
30490us	0	0	0	0
30500us	1	0	0	0
30510us	0	0	0	0
30520us	1	0	0	0
30530us	0	0	0	0
30540us	1	0	0	0
30550us	0	0	0	0
30560us	1	0	0	0
30570us	0	0	0	0
30580us	1	0	0	0
30590us	0	0	0	0
30600us	1	0	0	0
30610us	0	0	0	0
30620us	1	0	0	0
30630us	0	0	0	0
30640us	1	0	0	0
30650us	0	0	0	0
30660us	1	0	0	0
30670us	0	0	0	0
30680us	1	0	0	0
30690us	0	0	0	0
30700us	1	0	0	0
30710us	0	0	0	0
30720us	1	0	0	0
30730us	0	0	0	0
30740us	1	0	0	0
30750us	0	0	0	0
30760us	1	0	0	0
30770us	0	0	0	0
30780us	1	0	0	0
30790us	0	0	0	0
30800us	1	0	0	0
30810us	0	0	0	0
30820us	1	0	0	0
30830us	0	0	0	0
30840us	1	0	0	0
30850us	0	0	0	0
30860us	1	0	0	0
30870us	0	0	0	0
30880us	1	0	0	0
30890us	0	0	0	0
30900us	1	0	0	0
30910us	0	0	0	0
30920us	1	0	0	0
30930us	0	0	0	0
30940us	1	0	0	0
30950us	0	0	0	0
30960us	1	0	0	0
30970us	0	0	0	0
30980us	1	0	0	0
30990us	0	0	0	0
31000us	1	0	0	0
31010us	0	0	0	0
31020us	1	0	0	0
31030us	0	0	0	0
31040us	1	0	0	0
31050us	0	0	0	0
31060us	1	0	0	0
31070us	0	0	0	0
31080us	1	0	0	0
31090us	0	0	0	0
31100us	1	0	0	0
31110us	0	0	0	0
31120us	1	0	0	0
31130us	0	0	0	0
31140us	1	0	0	0
31150us	0	0	0	0
31160us	1	0	0	0
31170us	0	0	0	0
31180us	1	0	0	0
31190us	0	0	0	0
31200us	1	0	0	0
31210us	0	0	0	0
31220us	1	0	0	0
31230us	0	0	0	0
31240us	1	0	0	0
31250us	0	0	0	0
31260us	1	0	0	0
31270us	0	0	0	0
31280us	1	0	0	0
31290us	0	0	0	0
31300us	1	0	0	0
31310us	0	0	0	0
31320us	1	0	0	0
31330us	0	0	0	0
31340us	1	0	0	0
31350us	0	0	0	0
31360us	1	0	0	0
31370us	0	0	0	0
31380us	1	0	0	0
31390us	0	0	0	0
31400us	1	0	0	0
31410us	0	0	0	0
31420us	1	0	0	0
31430us	0	0	0	0
31440us	1	0	0	0
31450us	0	0	0	0
31460us	1	0	0	0
31470us	0	0	0	0
31480us	1	0	0	0
31490us	0	0	0	0
31500us	1	0	0	0
31510us	0	0	0	0
31520us	1	0	0	0
31530us	0	0	0	0
31540us	1	0	0	0
31550us	0	0	0	0
31560us	1	0	0	0
31570us	0	0	0	0
31580us	1	0	0	0
31590us	0	0	0	0
31600us	1	0	0	0
31610us	0	0	0	0
31620us	1	0	0	0
31630us	0	0	0	0
31640us	1	0	0	0
31650us	0	0	0	0
31660us	1	0	0	0
31670us	0	0	0	0
31680us	1	0	0	0
31690us	0	0	0	0
31700us	1	0	0	0
31710us	0	0	0	0
31720us	1	0	0	0
31730us	0	0	0	0
31740us	1	0	0	0
31750us	0	0	0	0
31760us	1	0	0	0
31770us	0	0	0	0
31780us	1	0	0	0
31790us	0	0	0	0
31800us	1	0	0	0
31810us	0	0	0	0
31820us	1	0	0	0
31830us	0	0	0	0
31840us	1	0	0	0
31850us	0	0	0	0
31860us	1	0	0	0
31870us	0	0	0	0
31880us	1	0	0	0
31890us	0	0	0	0
31900us	1	0	0	0
31910us	0	0	0	0
31920us	1	0	0	0
31930us	0	0	0	0
31940us	1	0	0	0
31950us	0	0	0	0
31960us	1	0	0	0
31970us	0	0	0	0
31980us	1	0	0	0
31990us	0	0	0	0
32000us	1	0	0	0
32010us	0	0	0	0
32020us	1	0	0	0
32030us	0	0	0	0
32040us	1	0	0	0
32050us	0	0	0	0
32060us	1	0	0	0
32070us	0	0	0	0
32080us	1	0	0	0
32090us	0	0	0	0
32100us	1	0	0	0
32110us	0	0	0	0
32120us	1	0	0	0
32130us	0	0	0	0
32140us	1	0	0	0
32150us	0	0	0	0
32160us	1	0	0	0
32170us	0	0	0	0
32180us	1	0	0	0
32190us	0	0	0	0
32200us	1	0	0	0
32210us	0	0	0	0
32220us	1	0	0	0
32230us	0	0	0	0
32240us	1	0	0	0
32250us	0	0	0	0
32260us	1	0	0	0
32270us	0	0	0	0
32280us	1	0	0	0
32290us	0	0	0	0
32300us	1	0	0	0
32310us	0	0	0	0
32320us	1	0	0	0
32330us	0	0	0	0
32340us	1	0	0	0
32350us	0	0	0	0
32360us	1	0	0	0
32370us	0	0	0	0
32380us	1	0	0	0
32390us	0	0	0	0
32400us	1	0	0	0
32410us	0	0	0	0
32420us	1	0	0	0
32430us	0	0	0	0
32440us	1	0	0	0
32450us	0	0	0	0
32460us	1	0	0	0
32470us	0	0	0	0
32480us	1	0	0	0
32490us	0	0	0	0
32500us	1	0	0	0
32510us	0	0	0	0
32520us	1	0	0	0
32530us	0	0	0	0
32540us	1	0	0	0
32550us	0	0	0	0
32560us	1	0	0	0
32570us	0	0	0	0
32580us	1	0	0	0
32590us	0	0	0	0
32600us	1	0	0	0
32610us	0	0	0	0
32620us	1	0	0	0
32630us	0	0	0	0
32640us	1	0	0	0
32650us	0	0	0	0
32660us	1	0	0	0
32670us	0	0	0	0
32680us	1	0	0	0
32690us	0	0	0	0
32700us	1	0	0	0
32710us	0	0	0	0
32720us	1	0	0	0
32730us	0	0	0	0
32740us	1	0	0	0
32750us	0	0	0	0
32760us	1	0	0	0
32770us	0	0	0	0
32780us	1	0	0	0
32790us	0	0	0	0
32800us	1	0	0	0
32810us	0	0	0	0
32820us	1	0	0	0
32830us	0	0	0	0
32840us	1	0	0	0
32850us	0	0	0	0
32860us	1	0	0	0
32870us	0	0	0	0
32880us	1	0	0	0
32890us	0	0	0	0
32900us	1	0	0	0
32910us	0	0	0	0
32920us	1	0	0	0
32930us	0	0	0	0
32940us	1	0	0	0
32950us	0	0	0	0
32960us	1	0	0	0
32970us	0	0	0	0
32980us	1	0	0	0
32990us	0	0	0	0
33000us	1	0	0	0
33010us	0	0	0	0
33020us	1	0	0	0
33030us	0	0	0	0
33040us	1	0	0	0
33050us	0	0	0	0
33060us	1	0	0	0
33070us	0	0	0	0
33080us	1	0	0	0
33090us	0	0	0	0
33100us	1	0	0	0
33110us	0	0	0	0
33120us	1	0	0	0
33130us	0	0	0	0
33140us	1	0	0	0
33150us	0	0	0	0
33160us	1	0	0	0
33170us	0	0	0	0
33180us	1	0	0	0
33190us	0	0	0	0
33200us	1	0	0	0
33210us	0	0	0	0
33220us	1	0	0	0
33230us	0	0	0	0
33240us	1	0	0	0
33250us	0	0	0	0
33260us	1	0	0	0
33270us	0	0	0	0
33280us	1	0	0	0
33290us	0	0	0	0
33300us	1	0	0	0
33310us	0	0	0	0
33320us	1	0	0	0
33330us	0	0	0	0
33340us	1	0	0	0
33350us	0	0	0	0
33360us	1	0	0	0
33370us	0	0	0	0
33380us	1	0	0	0
33390us	0	0	0	0
33400us	1	0	0	0
33410us	0	0	0	0
33420us	1	0	0	0
33430us	0	0	0	0
33440us	1	0	0	0
33450us	0	0	0	0
33460us	1	0	0	0
33470us	0	0	0	0
33480us	1	0	0	0
33490us	0	0	0	0
33500us	1	0	0	0
33510us	0	0	0	0
33520us	1	0	0	0
33530us	0	0	0	0
33540us	1	0	0	0
33550us	0	0	0	0
33560us	1	0	0	0
33570us	0	0	0	0
33580us	1	0	0	0
33590us	0	0	0	0
33600us	1	0	0	0
33610us	0	0	0	0
33620us	1	0	0	0
33630us	0	0	0	0
33640us	1	0	0	0
33650us	0	0	0	0
33660us	1	0	0	0
33670us	0	0	0	0
33680us	1	0	0	0
33690us	0	0	0	0
33700us	1	0	0	0
33710us	0	0	0	0
33720us	1	0	0	0
33730us	0	0	0	0
33740us	1	0	0	0
33750us	0	0	0	0
33760us	1	0	0	0
33770us	0	0	0	0
33780us	1	0	0	0
33790us	0	0	0	0
33800us	1	0	0	0
33810us	0	0	0	0
33820us	1	0	0	0
33830us	0	0	0	0
33840us	1	0	0	0
33850us	0	0	0	0
33860us	1	0	0	0
33870us	0	0	0	0
33880us	1	0	0	0
33890us	0	0	0	0
33900us	1	0	0	0
33910us	0	0	0	0
33920us	1	0	0	0
33930us	0	0	0	0
33940us	1	0	0	0
33950us	0	0	0	0
33960us	1	0	0	0
33970us	0	0	0	0
33980us	1	0	0	0
33990us	0	0	0	0
34000us	1	0	0	0
34010us	0	0	0	0
34020us	1	0	0	0
34030us	0	0	0	0
34040us	1	0	0	0
34050us	0	0	0	0
34060us	1	0	0	0
34070us	0	0	0	0
34080us	1	0	0	0
34090us	0	0	0	0
34100us	1	0	0	0
34110us	0	0	0	0
34120us	1	0	0	0
34130us	0	0	0	0
34140us	1	0	0	0
34150us	0	0	0	0
34160us	1	0	0	0
34170us	0	0	0	0
34180us	1	0	0	0
34190us	0	0	0	0
34200us	1	0	0	0
34210us	0	0	0	0
34220us	1	0	0	0
34230us	0	0	0	0
34240us	1	0	0	0
34250us	0	0	0	0
34260us	1	0	0	0
34270us	0	0	0	0
34280us	1	0	0	0
34290us	0	0	0	0
34300us	1	0	0	0
34310us	0	0	0	0
34320us	1	0	0	0
34330us	0	0	0	0
34340us	1	0	0	0
34350us	0	0	0	0
34360us	1	0	0	0
34370us	0	0	0	0
34380us	1	0	0	0
34390us	0	0	0	0
34400us	1	0	0	0
34410us	0	0	0	0
34420us	1	0	0	0
34430us	0	0	0	0
34440us	1	0	0	0
34450us	0	0	0	0
34460us	1	0	0	0
34470us	0	0	0	0
34480us	1	0	0	0
34490us	0	0	0	0
34500us	1	0	0	0
34510us	0	0	0	0
34520us	1	0	0	0
34530us	0	0	0	0
34540us	1	0	0	0
34550us	0	0	0	0
34560us	1	0	0	0
34570us	0	0	0	0
34580us	1	0	0	0
34590us	0	0	0	0
34600us	1	0	0	0
34610us	0	0	0	0
34620us	1	0	0	0
34630us	0	0	0	0
34640us	1	0	0	0
34650us	0	0	0	0
34660us	1	0	0	0
34670us	0	0	0	0
34680us	1	0	0	0
34690us	0	0	0	0
34700us	1	0	0	0
34710us	0	0	0	0
34720us	1	0	0	0
34730us	0	0	0	0
34740us	1	0	0	0
34750us	0	0	0	0
34760us	1	0	0	0
34770us	0	0	0	0
34780us	1	0	0	0
34790us	0	0	0	0
34800us	1	0	0	0
34810us	0	0	0	0
34820us	1	0	0	0
34830us	0	0	0	0
34840us	1	0	0	0
34850us	0	0	0	0
34860us	1	0	0	0
34870us	0	0	0	0
34880us	1	0	0	0
34890us	0	0	0	0
34900us	1	0	0	0
34910us	0	0	0	0
34920us	1	0	0	0
34930us	0	0	0	0
34940us	1	0	0	0
34950us	0	0	0	0
34960us	1	0	0	0
34970us	0	0	0	0
34980us	1	0	0	0
34990us	0	0	0	0
35000us	1	0	0	0
35010us	0	0	0	0
35020us	1	0	0	0
35030us	0	0	0	0
35040us	1	0	0	0
35050us	0	0	0	0
35060us	1	0	0	0
35070us	0	0	0	0
35080us	1	0	0	0
35090us	0	0	0	0
35100us	1	0	0	0
35110us	0	0	0	0
35120us	1	0	0	0
35130us	0	0	0	0
35140us	1	0	0	0
35150us	0	0	0	0
35160us	1	0	0	0
35170us	0	0	0	0
35180us	1	0	0	0
35190us	0	0	0	0
35200us	1	0	0	0
35210us	0	0	0	0
35220us	1	0	0	0
35230us	0	0	0	0
35240us	1	0	0	0
35250us	0	0	0	0
35260us	1	0	0	0
35270us	0	0	0	0
35280us	1	0	0	0
35290us	0	0	0	0
35300us	1	0	0	0
35310us	0	0	0	0
35320us	1	0	0	0
35330us	0	0	0	0
35340us	1	0	0	0
35350us	0	0	0	0
35360us	1	0	0	0
35370us	0	0	0	0
35380us	1	0	0	0
35390us	0	0	0	0
35400us	1	0	0	0
35410us	0	0	0	0
35420us	1	0	0	0
35430us	0	0	0	0
35440us	1	0	0	0
35450us	0	0	0	0
35460us	1	0	0	0
35470us	0	0	0	0
35480us	1	0	0	0
35490us	0	0	0	0
35500us	1	0	0	0
35510us	0	0	0	0
35520us	1	0	0	0
35530us	0	0	0	0
35540us	1	0	0	0
35550us	0	0	0	0
35560us	1	0	0	0
35570us	0	0	0	0
35580us	1	0	0	0
35590us	0	0	0	0
35600us	1	0	0	0
35610us	0	0	0	0
35620us	1	0	0	0
35630us	0	0	0	0
35640us	1	0	0	0
35650us	0	0	0	0
35660us	1	0	0	0
35670us	0	0	0	0
35680us	1	0	0	0
35690us	0	0	0	0
35700us	1	0	0	0
35710us	0	0	0	0
35720us	1	0	0	0
35730us	0	0	0	0
35740us	1	0	0	0
35750us	0	0	0	0
35760us	1	0	0	0
35770us	0	0	0	0
35780us	1	0	0	0
35790us	0	0	0	0
35800us	1	0	0	0
35810us	0	0	0	0
35820us	1	0	0	0
35830us	0	0	0	0
35840us	1	0	0	0
35850us	0	0	0	0
35860us	1	0	0	0
35870us	0	0	0	0
35880us	1	0	0	0
35890us	0	0	0	0
35900us	1	0	0	0
35910us	0	0	0	0
35920us	1	0	0	0
35930us	0	0	0	0
35940us	1	0	0	0
35950us	0	0	0	0
35960us	1	0	0	0
35970us	0	0	0	0
35980us	1	0	0	0
35990us	0	0	0	0
36000us	1	0	0	0
36010us	0	0	0	0
36020us	1	0	0	0
36030us	0	0	0	0
36040us	1	0	0	0
36050us	0	0	0	0
36060us	1	0	0	0
36070us	0	0	0	0
36080us	1	0	0	0
36090us	0	0	0	0
36100us	1	0	0	0
36110us	0	0	0	0
36120us	1	0	0	0
36130us	0	0	0	0
36140us	1	0	0	0
36150us	0	0	0	0
36160us	1	0	0	0
36170us	0	0	0	0
36180us	1	0	0	0
36190us	0	0	0	0
36200us	1	0	0	0
36210us	0	0	0	0
36220us	1	0	0	0
36230us	0	0	0	0
36240us	1	0	0	0
36250us	0	0	0	0
36260us	1	0	0	0
36270us	0	0	0	0
36280us	1	0	0	0
36290us	0	0	0	0
36300us	1	0	0	0
36310us	0	0	0	0
36320us	1	0	0	0
36330us	0	0	0	0
36340us	1	0	0	0
36350us	0	0	0	0
36360us	1	0	0	0
36370us	0	0	0	0
36380us	1	0	0	0
36390us	0	0	0	0
36400us	1	0	0	0
36410us	0	0	0	0
36420us	1	0	0	0
36430us	0	0	0	0
36440us	1	0	0	0
36450us	0	0	0	0
36460us	1	0	0	0
36470us	0	0	0	0
36480us	1	0	0	0
36490us	0	0	0	0
36500us	1	0	0	0
36510us	0	0	0	0
36520us	1	0	0	0
36530us	0	0	0	0
36540us	1	0	0	0
36550us	0	0	0	0
36560us	1	0	0	0
36570us	0	0	0	0
36580us	1	0	0	0
36590us	0	0	0	0
36600us	1	0	0	0
36610us	0	0	0	0
36620us	1	0	0	0
36630us	0	0	0	0
36640us	1	0	0	0
36650us	0	0	0	0
36660us	1	0	0	0
36670us	0	0	0	0
36680us	1	0	0	0
36690us	0	0	0	0
36700us	1	0	0	0
36710us	0	0	0	0
36720us	1	0	0	0
36730us	0	0	0	0
36740us	1	0	0	0
36750us	0	0	0	0
36760us	1	0	0	0
36770us	0	0	0	0
36780us	1	0	0	0
36790us	0	0	0	0
36800us	1	0	0	0
36810us	0	0	0	0
36820us	1	0	0	0
36830us	0	0	0	0
36840us	1	0	0	0
36850us	0	0	0	0
36860us	1	0	0	0
36870us	0	0	0	0
36880us	1	0	0	0
36890us	0	0	0	0
36900us	1	0	0	0
36910us	0	0	0	0
36920us	1	0	0	0
36930us	0	0	0	0
36940us	1	0	0	0
36950us	0	0	0	0
36960us	1	0	0	0
36970us	0	0	0	0
36980us	1	0	0	0
36990us	0	0	0	0
37000us	1	0	0	0
37010us	0	0	0	0
37020us	1	0	0	0
37030us	0	0	0	0
37040us	1	0	0	0
37050us	0	0	0	0
37060us	1	0	0	0
37070us	0	0	0	0
37080us	1	0	0	0
37090us	0	0	0	0
37100us	1	0	0	0
37110us	0	0	0	0
37120us	1	0	0	0
37130us	0	0	0	0
37140us	1	0	0	0
37150us	0	0	0	0
37160us	1	0	0	0
37170us	0	0	0	0
37180us	1	0	0	0
37190us	0	0	0	0
37200us	1	0	0	0
37210us	0	0	0	0
37220us	1	0	0	0
37230us	0	0	0	0
37240us	1	0	0	0
37250us	0	0	0	0
37260us	1	0	0	0
37270us	0	0	0	0
37280us	1	0	0	0
37290us	0	0	0	0
37300us	1	0	0	0
37310us	0	0	0	0
37320us	1	0	0	0
37330us	0	0	0	0
37340us	1	0	0	0
37350us	0	0	0	0
37360us	1	0	0	0
37370us	0	0	0	0
37380us	1	0	0	0
37390us	0	0	0	0
37400us	1	0	0	0
37410us	0	0	0	0
37420us	1	0	0	0
37430us	0	0	0	0
37440us	1	0	0	0
37450us	0	0	0	0
37460us	1	0	0	0
37470us	0	0	0	0
37480us	1	0	0	0
37490us	0	0	0	0
37500us	1	0	0	0
37510us	0	0	0	0
37520us	1	0	0	0
37530us	0	0	0	0
37540us	1	0	0	0
37550us	0	0	0	0
37560us	1	0	0	0
37570us	0	0	0	0
37580us	1	0	0	0
37590us	0	0	0	0
37600us	1	0	0	0
37610us	0	0	0	0
37620us	1	0	0	0
37630us	0	0	0	0
37640us	1	0	0	0
37650us	0	0	0	0
37660us	1	0	0	0
37670us	0	0	0	0
37680us	1	0	0	0
37690us	0	0	0	0
37700us	1	0	0	0
37710us	0	0	0	0
37720us	1	0	0	0
37730us	0	0	0	0
37740us	1	0	0	0
37750us	0	0	0	0
37760us	1	0	0	0
37770us	0	0	0	0
37780us	1	0	0	0
37790us	0	0	0	0
37800us	1	0	0	0
37810us	0	0	0	0
37820us	1	0	0	0
37830us	0	0	0	0
37840us	1	0	0	0
37850us	0	0	0	0
37860us	1	0	0	0
37870us	0	0	0	0
37880us	1	0	0	0
37890us	0	0	0	0
37900us	1	0	0	0
37910us	0	0	0	0
37920us	1	0	0	0
37930us	0	0	0	0
37940us	1	0	0	0
37950us	0	0	0	0
37960us	1	0	0	0
37970us	0	0	0	0
37980us	1	0	0	0
37990us	0	0	0	0
38000us	1	0	0	0
38010us	0	0	0	0
38020us	1	0	0	0
38030us	0	0	0	0
38040us	1	0	0	0
38050us	0	0	0	0
38060us	1	0	0	0
38070us	0	0	0	0
38080us	1	0	0	0
38090us	0	0	0	0
38100us	1	0	0	0
38110us	0	0	0	0
38120us	1	0	0	0
38130us	0	0	0	0
38140us	1	0	0	0
38150us	0	0	0	0
38160us	1	0	0	0
38170us	0	0	0	0
38180us	1	0	0	0
38190us	0	0	0	0
38200us	1	0	0	0
38210us	0	0	0	0
38220us	1	0	0	0
38230us	0	0	0	0
38240us	1	0	0	0
38250us	0	0	0	0
38260us	1	0	0	0
38270us	0	0	0	0
38280us	1	0	0	0
38290us	0	0	0	0
38300us	1	0	0	0
38310us	0	0	0	0
38320us	1	0	0	0
38330us	0	0	0	0
38340us	1	0	0	0
38350us	0	0	0	0
38360us	1	0	0	0
38370us	0	0	0	0
38380us	1	0	0	0
38390us	0	0	0	0
38400us	1	0	0	0
38410us	0	0	0	0
38420us	1	0	0	0
38430us	0	0	0	0
38440us	1	0	0	0
38450us	0	0	0	0
38460us	1	0	0	0
38470us	0	0	0	0
38480us	1	0	0	0
38490us	0	0	0	0
38500us	1	0	0	0
38510us	0	0	0	0
38520us	1	0	0	0
38530us	0	0	0	0
38540us	1	0	0	0
38550us	0	0	0	0
38560us	1	0	0	0
38570us	0	0	0	0
38580us	1	0	0	0
38590us	0	0	0	0
38600us	1	0	0	0
38610us	0	0	0	0
38620us	1	0	0	0
38630us	0	0	0	0
38640us	1	0	0	0
38650us	0	0	0	0
38660us	1	0	0	0
38670us	0	0	0	0
38680us	1	0	0	0
38690us	0	0	0	0
38700us	1	0	0	0
38710us	0	0	0	0
38720us	1	0	0	0
38730us	0	0	0	0
38740us	1	0	0	0
38750us	0	0	0	0
38760us	1	0	0	0
38770us	0	0	0	0
38780us	1	0	0	0
38790us	0	0	0	0
38800us	1	0	0	0
38810us	0	0	0	0
38820us	1	0	0	0
38830us	0	0	0	0
38840us	1	0	0	0
38850us	0	0	0	0
38860us	1	0	0	0
38870us	0	0	0	0
38880us	1	0	0	0
38890us	0	0	0	0
38900us	1	0	0	0
38910us	0	0	0	0
38920us	1	0	0	0
38930us	0	0	0	0
38940us	1	0	0	0
38950us	0	0	0	0
38960us	1	0	0	0
38970us	0	0	0	0
38980us	1	0	0	0
38990us	0	0	0	0
39000us	1	0	0	0
39010us	0	0	0	0
39020us	1	0	0	0
39030us	0	0	0	0
39040us	1	0	0	0
39050us	0	0	0	0
39060us	1	0	0	0
39070us	0	0	0	0
39080us	1	0	0	0
39090us	0	0	0	0
39100us	1	0	0	0
39110us	0	0	0	0
39120us	1	0	0	0
39130us	0	0	0	0
39140us	1	0	0	0
39150us	0	0	0	0
39160us	1	0	0	0
39170us	0	0	0	0
39180us	1	0	0	0
39190us	0	0	0	0
39200us	1	0	0	0
39210us	0	0	0	0
39220us	1	0	0	0
39230us	0	0	0	0
39240us	1	0	0	0
39250us	0	0	0	0
39260us	1	0	0	0
39270us	0	0	0	0
39280us	1	0	0	0
39290us	0	0	0	0
39300us	1	0	0	0
39310us	0	0	0	0
39320us	1	0	0	0
39330us	0	0	0	0
39340us	1	0	0	0
39350us	0	0	0	0
39360us	1	0	0	0
39370us	0	0	0	0
39380us	1	0	0	0
39390us	0	0	0	0
39400us	1	0	0	0
39410us	0	0	0	0
39420us	1	0	0	0
39430us	0	0	0	0
39440us	1	0	0	0
39450us	0	0	0	0
39460us	1	0	0	0
39470us	0	0	0	0
39480us	1	0	0	0
39490us	0	0	0	0
39500us	1	0	0	0
39510us	0	0	0	0
39520us	1	0	0	0
39530us	0	0	0	0
39540us	1	0	0	0
39550us	0	0	0	0
39560us	1	0	0	0
39570us	0	0	0	0
39580us	1	0	0	0
39590us	0	0	0	0
39600us	1	0	0	0
39610us	0	0	0	0
39620us	1	0	0	0
39630us	0	0	0	0
39640us	1	0	0	0
39650us	0	0	0	0
39660us	1	0	0	0
39670us	0	0	0	0
39680us	1	0	0	0
39690us	0	0	0	0
39700us	1	0	0	0
39710us	0	0	0	0
39720us	1	0	0	0
39730us	0	0	0	0
39740us	1	0	0	0
39750us	0	0	0	0
39760us	1	0	0	0
39770us	0	0	0	0
39780us	1	0	0	0
39790us	0	0	0	0
39800us	1	0	0	0
39810us	0	0	0	0
39820us	1	0	0	0
39830us	0	0	0	0
39840us	1	0	0	0
39850us	0	0	0	0
39860us	1	0	0	0
39870us	0	0	0	0
39880us	1	0	0	0
39890us	0	0	0	0
39900us	1	0	0	0
39910us	0	0	0	0
39920us	1	0	0	0
39930us	0	0	0	0
39940us	1	0	0	0
39950us	0	0	0	0
39960us	1	0	0	0
39970us	0	0	0	0
39980us	1	0	0	0
39990us	0	0	0	0
40000us	1	0	0	0
40010us	0	0	0	0
40020us	1	0	0	0
40030us	0	0	0	0
40040us	1	1	1	1
40050us	0	1	1	1
40060us	1	1	1	1
40070us	0	1	1	1
40080us	1	1	1	1
40090us	0	1	1	1
40100us	1	1	1	1
40110us	0	1	1	1
40120us	1	1	1	1
40130us	0	1	1	1
40140us	1	1	1	1
40150us	0	1	1	1
40160us	1	1	1	1
40170us	0	1	1	1
40180us	1	1	1	1
40190us	0	1	1	1
40200us	1	1	1	1
40210us	0	1	1	1
40220us	1	1	1	1
40230us	0	1	1	1
40240us	1	1	1	1
40250us	0	1	1	1
40260us	1	1	1	1
40270us	0	1	1	1
40280us	1	1	1	1
40290us	0	1	1	1
40300us	1	1	1	1
40310us	0	1	1	1
40320us	1	1	1	1
40330us	0	1	1	1
40340us	1	1	1	1
40350us	0	1	1	1
40360us	1	1	1	1
40370us	0	1	1	1
40380us	1	1	1	1
40390us	0	1	1	1
40400us	1	1	1	1
40410us	0	1	1	1
40420us	1	1	1	1
40430us	0	1	1	1
40440us	1	1	1	1
40450us	0	1	1	1
40460us	1	1	1	1
40470us	0	1	1	1
40480us	1	1	1	1
40490us	0	1	1	1
40500us	1	1	1	1
40510us	0	1	1	1
40520us	1	1	1	1
40530us	0	1	1	1
40540us	1	1	1	1
40550us	0	1	1	1
40560us	1	1	1	1
40570us	0	1	1	1
40580us	1	1	1	1
40590us	0	1	1	1
40600us	1	1	1	1
40610us	0	1	1	1
40620us	1	1	1	1
40630us	0	1	1	1
40640us	1	1	1	1
40650us	0	1	1	1
40660us	1	1	1	1
40670us	0	1	1	1
40680us	1	1	1	1
40690us	0	1	1	1
40700us	1	1	1	1
40710us	0	1	1	1
40720us	1	1	1	1
40730us	0	1	1	1
40740us	1	1	1	1
40750us	0	1	1	1
40760us	1	1	1	1
40770us	0	1	1	1
40780us	1	1	1	1
40790us	0	1	1	1
40800us	1	1	1	1
40810us	0	1	1	1
40820us	1	1	1	1
40830us	0	1	1	1
40840us	1	1	1	1
40850us	0	1	1	1
40860us	1	1	1	1
40870us	0	1	1	1
40880us	1	1	1	1
40890us	0	1	1	1
40900us	1	1	1	1
40910us	0	1	1	1
40920us	1	1	1	1
40930us	0	1	1	1
40940us	1	1	1	1
40950us	0	1	1	1
40960us	1	1	1	1
40970us	0	1	1	1
40980us	1	1	1	1
40990us	0	1	1	1
41000us	1	1	1	1
41010us	0	1	1	1
41020us	1	1	1	1
41030us	0	1	1	1
41040us	1	0	1	1
41050us	0	0	1	1
41060us	1	0	1	1
41070us	0	0	1	1
41080us	1	0	1	1
41090us	0	0	1	1
41100us	1	0	1	1
41110us	0	0	1	1
41120us	1	0	1	1
41130us	0	0	1	1
41140us	1	0	1	1
41150us	0	0	1	1
41160us	1	0	1	1
41170us	0	0	1	1
41180us	1	0	1	1
41190us	0	0	1	1
41200us	1	0	1	1
41210us	0	0	1	1
41220us	1	0	1	1
41230us	0	0	1	1
41240us	1	0	1	1
41250us	0	0	1	1
41260us	1	0	1	1
41270us	0	0	1	1
41280us	1	0	1	1
41290us	0	0	1	1
41300us	1	0	1	1
41310us	0	0	1	1
41320us	1	0	1	1
41330us	0	0	1	1
41340us	1	0	1	1
41350us	0	0	1	1
41360us	1	0	1	1
41370us	0	0	1	1
41380us	1	0	1	1
41390us	0	0	1	1
41400us	1	0	1	1
41410us	0	0	1	1
41420us	1	0	1	1
41430us	0	0	1	1
41440us	1	0	1	1
41450us	0	0	1	1
41460us	1	0	1	1
41470us	0	0	1	1
41480us	1	0	1	1
41490us	0	0	1	1
41500us	1	0	1	1
41510us	0	0	1	1
41520us	1	0	1	1
41530us	0	0	1	1
41540us	1	0	1	1
41550us	0	0	1	1
41560us	1	0	0	1
41570us	0	0	0	1
41580us	1	0	0	1
41590us	0	0	0	1
41600us	1	0	0	1
41610us	0	0	0	1
41620us	1	0	0	1
41630us	0	0	0	1
41640us	1	0	0	1
41650us	0	0	0	1
41660us	1	0	0	1
41670us	0	0	0	1
41680us	1	0	0	1
41690us	0	0	0	1
41700us	1	0	0	1
41710us	0	0	0	1
41720us	1	0	0	1
41730us	0	0	0	1
41740us	1	0	0	1
41750us	0	0	0	1
41760us	1	0	0	1
41770us	0	0	0	1
41780us	1	0	0	1
41790us	0	0	0	1
41800us	1	0	0	1
41810us	0	0	0	1
41820us	1	0	0	1
41830us	0	0	0	1
41840us	1	0	0	1
41850us	0	0	0	1
41860us	1	0	0	1
41870us	0	0	0	1
41880us	1	0	0	1
41890us	0	0	0	1
41900us	1	0	0	1
41910us	0	0	0	1
41920us	1	0	0	1
41930us	0	0	0	1
41940us	1	0	0	1
41950us	0	0	0	1
41960us	1	0	0	1
41970us	0	0	0	1
41980us	1	0	0	1
41990us	0	0	0	1
42000us	1	0	0	1
42010us	0	0	0	1
42020us	1	0	0	1
42030us	0	0	0	1
42040us	1	0	0	0
42050us	0	0	0	0
42060us	1	0	0	0
42070us	0	0	0	0
42080us	1	0	0	0
42090us	0	0	0	0
42100us	1	0	0	0
42110us	0	0	0	0
42120us	1	0	0	0
42130us	0	0	0	0
42140us	1	0	0	0
42150us	0	0	0	0
42160us	1	0	0	0
42170us	0	0	0	0
42180us	1	0	0	0
42190us	0	0	0	0
42200us	1	0	0	0
42210us	0	0	0	0
42220us	1	0	0	0
42230us	0	0	0	0
42240us	1	0	0	0
42250us	0	0	0	0
42260us	1	0	0	0
42270us	0	0	0	0
42280us	1	0	0	0
42290us	0	0	0	0
42300us	1	0	0	0
42310us	0	0	0	0
42320us	1	0	0	0
42330us	0	0	0	0
42340us	1	0	0	0
42350us	0	0	0	0
42360us	1	0	0	0
42370us	0	0	0	0
42380us	1	0	0	0
42390us	0	0	0	0
42400us	1	0	0	0
42410us	0	0	0	0
42420us	1	0	0	0
42430us	0	0	0	0
42440us	1	0	0	0
42450us	0	0	0	0
42460us	1	0	0	0
42470us	0	0	0	0
42480us	1	0	0	0
42490us	0	0	0	0
42500us	1	0	0	0
42510us	0	0	0	0
42520us	1	0	0	0
42530us	0	0	0	0
42540us	1	0	0	0
42550us	0	0	0	0
42560us	1	0	0	0
42570us	0	0	0	0
42580us	1	0	0	0
42590us	0	0	0	0
42600us	1	0	0	0
42610us	0	0	0	0
42620us	1	0	0	0
42630us	0	0	0	0
42640us	1	0	0	0
42650us	0	0	0	0
42660us	1	0	0	0
42670us	0	0	0	0
42680us	1	0	0	0
42690us	0	0	0	0
42700us	1	0	0	0
42710us	0	0	0	0
42720us	1	0	0	0
42730us	0	0	0	0
42740us	1	0	0	0
42750us	0	0	0	0
42760us	1	0	0	0
42770us	0	0	0	0
42780us	1	0	0	0
42790us	0	0	0	0
42800us	1	0	0	0
42810us	0	0	0	0
42820us	1	0	0	0
42830us	0	0	0	0
42840us	1	0	0	0
42850us	0	0	0	0
42860us	1	0	0	0
42870us	0	0	0	0
42880us	1	0	0	0
42890us	0	0	0	0
42900us	1	0	0	0
42910us	0	0	0	0
42920us	1	0	0	0
42930us	0	0	0	0
42940us	1	0	0	0
42950us	0	0	0	0
42960us	1	0	0	0
42970us	0	0	0	0
42980us	1	0	0	0
42990us	0	0	0	0
43000us	1	0	0	0
43010us	0	0	0	0
43020us	1	0	0	0
43030us	0	0	0	0
43040us	1	0	0	0
43050us	0	0	0	0
43060us	1	0	0	0
43070us	0	0	0	0
43080us	1	0	0	0
43090us	0	0	0	0
43100us	1	0	0	0
43110us	0	0	0	0
43120us	1	0	0	0
43130us	0	0	0	0
43140us	1	0	0	0
43150us	0	0	0	0
43160us	1	0	0	0
43170us	0	0	0	0
43180us	1	0	0	0
43190us	0	0	0	0
43200us	1	0	0	0
43210us	0	0	0	0
43220us	1	0	0	0
43230us	0	0	0	0
43240us	1	0	0	0
43250us	0	0	0	0
43260us	1	0	0	0
43270us	0	0	0	0
43280us	1	0	0	0
43290us	0	0	0	0
43300us	1	0	0	0
43310us	0	0	0	0
43320us	1	0	0	0
43330us	0	0	0	0
43340us	1	0	0	0
43350us	0	0	0	0
43360us	1	0	0	0
43370us	0	0	0	0
43380us	1	0	0	0
43390us	0	0	0	0
43400us	1	0	0	0
43410us	0	0	0	0
43420us	1	0	0	0
43430us	0	0	0	0
43440us	1	0	0	0
43450us	0	0	0	0
43460us	1	0	0	0
43470us	0	0	0	0
43480us	1	0	0	0
43490us	0	0	0	0
43500us	1	0	0	0
43510us	0	0	0	0
43520us	1	0	0	0
43530us	0	0	0	0
43540us	1	0	0	0
43550us	0	0	0	0
43560us	1	0	0	0
43570us	0	0	0	0
43580us	1	0	0	0
43590us	0	0	0	0
43600us	1	0	0	0
43610us	0	0	0	0
43620us	1	0	0	0
43630us	0	0	0	0
43640us	1	0	0	0
43650us	0	0	0	0
43660us	1	0	0	0
43670us	0	0	0	0
43680us	1	0	0	0
43690us	0	0	0	0
43700us	1	0	0	0
43710us	0	0	0	0
43720us	1	0	0	0
43730us	0	0	0	0
43740us	1	0	0	0
43750us	0	0	0	0
43760us	1	0	0	0
43770us	0	0	0	0
43780us	1	0	0	0
43790us	0	0	0	0
43800us	1	0	0	0
43810us	0	0	0	0
43820us	1	0	0	0
43830us	0	0	0	0
43840us	1	0	0	0
43850us	0	0	0	0
43860us	1	0	0	0
43870us	0	0	0	0
43880us	1	0	0	0
43890us	0	0	0	0
43900us	1	0	0	0
43910us	0	0	0	0
43920us	1	0	0	0
43930us	0	0	0	0
43940us	1	0	0	0
43950us	0	0	0	0
43960us	1	0	0	0
43970us	0	0	0	0
43980us	1	0	0	0
43990us	0	0	0	0
44000us	1	0	0	0
44010us	0	0	0	0
44020us	1	0	0	0
44030us	0	0	0	0
44040us	1	0	0	0
44050us	0	0	0	0
44060us	1	0	0	0
44070us	0	0	0	0
44080us	1	0	0	0
44090us	0	0	0	0
44100us	1	0	0	0
44110us	0	0	0	0
44120us	1	0	0	0
44130us	0	0	0	0
44140us	1	0	0	0
44150us	0	0	0	0
44160us	1	0	0	0
44170us	0	0	0	0
44180us	1	0	0	0
44190us	0	0	0	0
44200us	1	0	0	0
44210us	0	0	0	0
44220us	1	0	0	0
44230us	0	0	0	0
44240us	1	0	0	0
44250us	0	0	0	0
44260us	1	0	0	0
44270us	0	0	0	0
44280us	1	0	0	0
44290us	0	0	0	0
44300us	1	0	0	0
44310us	0	0	0	0
44320us	1	0	0	0
44330us	0	0	0	0
44340us	1	0	0	0
44350us	0	0	0	0
44360us	1	0	0	0
44370us	0	0	0	0
44380us	1	0	0	0
44390us	0	0	0	0
44400us	1	0	0	0
44410us	0	0	0	0
44420us	1	0	0	0
44430us	0	0	0	0
44440us	1	0	0	0
44450us	0	0	0	0
44460us	1	0	0	0
44470us	0	0	0	0
44480us	1	0	0	0
44490us	0	0	0	0
44500us	1	0	0	0
44510us	0	0	0	0
44520us	1	0	0	0
44530us	0	0	0	0
44540us	1	0	0	0
44550us	0	0	0	0
44560us	1	0	0	0
44570us	0	0	0	0
44580us	1	0	0	0
44590us	0	0	0	0
44600us	1	0	0	0
44610us	0	0	0	0
44620us	1	0	0	0
44630us	0	0	0	0
44640us	1	0	0	0
44650us	0	0	0	0
44660us	1	0	0	0
44670us	0	0	0	0
44680us	1	0	0	0
44690us	0	0	0	0
44700us	1	0	0	0
44710us	0	0	0	0
44720us	1	0	0	0
44730us	0	0	0	0
44740us	1	0	0	0
44750us	0	0	0	0
44760us	1	0	0	0
44770us	0	0	0	0
44780us	1	0	0	0
44790us	0	0	0	0
44800us	1	0	0	0
44810us	0	0	0	0
44820us	1	0	0	0
44830us	0	0	0	0
44840us	1	0	0	0
44850us	0	0	0	0
44860us	1	0	0	0
44870us	0	0	0	0
44880us	1	0	0	0
44890us	0	0	0	0
44900us	1	0	0	0
44910us	0	0	0	0
44920us	1	0	0	0
44930us	0	0	0	0
44940us	1	0	0	0
44950us	0	0	0	0
44960us	1	0	0	0
44970us	0	0	0	0
44980us	1	0	0	0
44990us	0	0	0	0
45000us	1	0	0	0
